3800.000000 0.0018678982490986
3810.000000 0.0038952007259458
3820.000000 0.0012331801926994
3830.000000 0.0025219341743005
3840.000000 0.0021410863621021
3850.000000 0.00076414943058402
3860.000000 9.229476891765E-5
3870.000000 0.001715669805171
3880.000000 0.0037303301703228
3890.000000 0.0025145987030478
3900.000000 0.0029151760374511
3910.000000 0.0011936211567307
3920.000000 0.0026722813263095
3930.000000 0.0030895616661103
3940.000000 0.0028827851170845
3950.000000 0.0053273036785833
3960.000000 0.010904888189647
3970.000000 0.014994576511865
3980.000000 0.022100160904578
3990.000000 0.032125256620309
4000.000000 0.045650196072304
4010.000000 0.050635737551185
4020.000000 0.062939942579536
4030.000000 0.083071904767852
4040.000000 0.093434752972022
4050.000000 0.099837231180332
4060.000000 0.11263648309152
4070.000000 0.12095302725119
4080.000000 0.12147567354529
4090.000000 0.12802109336588
4100.000000 0.13945686641203
4110.000000 0.14240660602303
4120.000000 0.14715479519838
4130.000000 0.15268144580464
4140.000000 0.15194525527032
4150.000000 0.15566864339205
4160.000000 0.1520349525
4170.000000 0.15378580523282
4180.000000 0.15820803265854
4190.000000 0.16149793571578
4200.000000 0.16151012004412
4210.000000 0.1637389316995
4220.000000 0.16542496912951
4230.000000 0.16604075041736
4240.000000 0.16840719347179
4250.000000 0.1714904439022
4260.000000 0.17361945948148
4270.000000 0.18302422380552
4280.000000 0.18592304387976
4290.000000 0.1873593868646
4300.000000 0.1906286292402
4310.000000 0.19733172662447
4320.000000 0.19748366508942
4330.000000 0.2000555493
4340.000000 0.20514344976741
4350.000000 0.20614619146573
4360.000000 0.20878284110585
4370.000000 0.20951132776206
4380.000000 0.20859420781475
4390.000000 0.2102767317
4400.000000 0.21110380134618
4410.000000 0.21095692451953
4420.000000 0.2141384418699
4430.000000 0.21525526697267
4440.000000 0.21381828964408
4450.000000 0.2153864742
4460.000000 0.21699641579291
4470.000000 0.21876849195048
4480.000000 0.218766471
4490.000000 0.22134885884148
4500.000000 0.22270575660452
4510.000000 0.22579259493437
4520.000000 0.2275001268
4530.000000 0.22937221050595
4540.000000 0.23033737081882
4550.000000 0.23477813044836
4560.000000 0.23558685176187
4570.000000 0.23609355326733
4580.000000 0.23994537145912
4590.000000 0.23877296348106
4600.000000 0.24452315543039
4610.000000 0.24580908253528
4620.000000 0.2462812691225
4630.000000 0.24914931135146
4640.000000 0.24785131289484
4650.000000 0.24931344958789
4660.000000 0.25074177860854
4670.000000 0.25138829481339
4680.000000 0.2519415245
4690.000000 0.25131588322002
4700.000000 0.25316651531653
4710.000000 0.25383250963215
4720.000000 0.25463229392652
4730.000000 0.25795206469857
4740.000000 0.25955093007675
4750.000000 0.2601497208
4760.000000 0.26322031383168
4770.000000 0.26393488731237
4780.000000 0.2668200768228
4790.000000 0.26738170701688
4800.000000 0.27022445025411
4810.000000 0.27378920495085
4820.000000 0.27460408870045
4830.000000 0.276250782029
4840.000000 0.27915266606461
4850.000000 0.27963472704945
4860.000000 0.28155159929317
4870.000000 0.28336390790952
4880.000000 0.2841267195
4890.000000 0.28393157142677
4900.000000 0.28398127098864
4910.000000 0.28316458097822
4920.000000 0.28399569537036
4930.000000 0.28247909179555
4940.000000 0.28021595549536
4950.000000 0.27926378754064
4960.000000 0.27828164107344
4970.000000 0.27599421130914
4980.000000 0.27358533270995
4990.000000 0.27213337047547
5000.000000 0.2686798637528
5010.000000 0.26710740256849
5020.000000 0.26581262658458
5030.000000 0.26498989196374
5040.000000 0.26258817149204
5050.000000 0.2630899444
5060.000000 0.2624460137931
5070.000000 0.2615086694641
5080.000000 0.26210219833423
5090.000000 0.2642021847
5100.000000 0.26587109094175
5110.000000 0.26768899332409
5120.000000 0.2694960157
5130.000000 0.27164050405499
5140.000000 0.27401211245311
5150.000000 0.27669769019111
5160.000000 0.27996484945374
5170.000000 0.2830516876
5180.000000 0.28620120825161
5190.000000 0.28836613265174
5200.000000 0.2896795605
5210.000000 0.29052284175018
5220.000000 0.29147067690484
5230.000000 0.29195946761034
5240.000000 0.29112499713781
5250.000000 0.2898073666078
5260.000000 0.28736159012253
5270.000000 0.28384291247706
5280.000000 0.27926151607901
5290.000000 0.2738723106
5300.000000 0.2668165408
5310.000000 0.258663484
5320.000000 0.2513192622
5330.000000 0.24402214690069
5340.000000 0.23723256639736
5350.000000 0.23145110105572
5360.000000 0.22574115148763
5370.000000 0.2201761848828
5380.000000 0.21587839330543
5390.000000 0.21143523247397
5400.000000 0.20826209307358
5410.000000 0.20563393960651
5420.000000 0.20278725701749
5430.000000 0.2013053428
5440.000000 0.20044753633356
5450.000000 0.20043299139041
5460.000000 0.20166269973351
5470.000000 0.2035756179
5480.000000 0.2052186489
5490.000000 0.2075054382
5500.000000 0.2101836195
5510.000000 0.2122592202
5520.000000 0.2140653312
5530.000000 0.2138158188
5540.000000 0.2111421222
5550.000000 0.206438895
5560.000000 0.19811012347456
5570.000000 0.18612008274958
5580.000000 0.1706380806438
5590.000000 0.15328730638144
5600.000000 0.13546641777406
5610.000000 0.11807835280104
5620.000000 0.1011170117
5630.000000 0.085944056931016
5640.000000 0.0722227465
5650.000000 0.060173984727138
5660.000000 0.050814785
5670.000000 0.042084642449086
5680.000000 0.0348203466
5690.000000 0.02958813
5700.000000 0.024666794771785
5710.000000 0.0204066006
5720.000000 0.016772801063974
5730.000000 0.014012654088162
5740.000000 0.0116262675
5750.000000 0.0094751627162595
5760.000000 0.0077685665360157
5770.000000 0.0066763557
5780.000000 0.0055422698127201
5790.000000 0.004596853858729
5800.000000 0.0037696385456861
5810.000000 0.0033172109322469
5820.000000 0.0027603129277263
5830.000000 0.0021191316
5840.000000 0.0019287342
