300.0 0.0
300.8008008008008 0.0
301.6016016016016 0.0
302.4024024024024 0.0
303.2032032032032 0.0
304.004004004004 0.0
304.8048048048048 0.0
305.6056056056056 0.0
306.4064064064064 0.0
307.2072072072072 0.0
308.008008008008 0.0
308.8088088088088 0.0
309.6096096096096 0.0
310.4104104104104 0.0
311.2112112112112 0.0
312.012012012012 0.0
312.8128128128128 0.0
313.6136136136136 0.0
314.4144144144144 0.0
315.2152152152152 0.0
316.016016016016 0.0
316.8168168168168 0.0
317.6176176176176 0.0
318.4184184184184 0.0
319.2192192192192 0.0
320.02002002002 0.0
320.8208208208208 0.0
321.6216216216216 0.0
322.4224224224224 0.0
323.2232232232232 0.0
324.024024024024 0.0
324.8248248248248 0.0
325.6256256256256 0.0
326.4264264264264 0.0
327.2272272272272 0.0
328.028028028028 0.0
328.8288288288288 0.0
329.6296296296296 0.0
330.4304304304304 0.0
331.2312312312312 0.0
332.032032032032 0.0
332.8328328328328 0.0
333.6336336336336 0.0
334.4344344344344 0.0
335.2352352352352 0.0
336.036036036036 0.0
336.8368368368368 0.0
337.6376376376376 0.0
338.4384384384384 0.0
339.2392392392392 0.0
340.04004004004 0.0
340.8408408408408 0.0
341.6416416416416 0.0
342.4424424424424 0.0
343.2432432432432 0.0
344.044044044044 0.0
344.84484484484483 0.0
345.64564564564563 0.0
346.44644644644643 0.0
347.24724724724723 0.0
348.04804804804803 0.0
348.84884884884883 0.0
349.64964964964963 0.0
350.45045045045043 -6.116720557702019e-05
351.25125125125123 -3.0611938343963005e-05
352.05205205205203 -4.039614543823774e-05
352.85285285285283 -7.954235054134873e-05
353.65365365365363 -5.766345561439038e-05
354.45445445445444 -3.825675218833947e-05
355.25525525525524 -3.507416536507173e-05
356.05605605605604 -4.057608506528517e-05
356.85685685685684 -8.549673708459607e-05
357.65765765765764 -7.500105814125786e-05
358.45845845845844 -5.450465482484947e-05
359.25925925925924 -2.636017945794569e-05
360.0600600600601 1.3597456582267691e-05
360.86086086086084 -6.971995613865012e-05
361.6616616616617 -8.04189287819787e-05
362.46246246246244 -6.0813281724287665e-05
363.2632632632633 -3.648156095429276e-05
364.06406406406404 -2.6653604369479915e-05
364.8648648648649 -3.0587654530984015e-05
365.66566566566564 -6.820873367652431e-05
366.4664664664665 -7.220978885782887e-05
367.26726726726724 -5.6654984330553654e-05
368.0680680680681 -6.352588714111728e-05
368.86886886886884 -7.019875470383172e-05
369.6696696696697 -6.889074509953094e-05
370.47047047047045 -8.573735820123816e-05
371.2712712712713 -8.687585323630795e-05
372.07207207207205 -3.219378801586927e-05
372.8728728728729 -2.964653311693328e-05
373.67367367367365 -7.119703187610136e-05
374.4744744744745 -4.5186620394815894e-05
375.27527527527525 -1.6973849281149928e-05
376.0760760760761 -8.60097576698606e-05
376.87687687687685 -9.500052876434528e-05
377.6776776776777 -2.5477752757830563e-05
378.47847847847845 -3.457480933724005e-05
379.2792792792793 -9.020262236976379e-05
380.08008008008005 -0.000108848913297711
380.8808808808809 -0.00010569055383127855
381.68168168168165 -5.345188920921522e-05
382.4824824824825 -2.6326126010735665e-05
383.28328328328325 -3.490404500935017e-05
384.0840840840841 -6.157800540189524e-05
384.88488488488485 -4.100912605729148e-05
385.6856856856857 -3.42706742102644e-05
386.4864864864865 -4.201206809831385e-05
387.2872872872873 -1.579258295719122e-05
388.0880880880881 6.49002860985146e-05
388.8888888888889 -4.2089724505036134e-05
389.6896896896897 -0.00016579220624085518
390.4904904904905 -0.00015708004613975606
391.2912912912913 -9.523209023208064e-05
392.0920920920921 -8.96680712008234e-05
392.8928928928929 -4.106945248011245e-05
393.6936936936937 -3.272458790280434e-05
394.4944944944945 -7.52623686237343e-05
395.2952952952953 -0.00010050865521405999
396.0960960960961 -4.678379862734748e-05
396.8968968968969 -1.3436012152727457e-06
397.6976976976977 4.089908605898722e-05
398.4984984984985 -7.100722340012978e-05
399.2992992992993 -0.00012631589125843272
400.1001001001001 4.1838587832394375e-05
400.9009009009009 -6.513547511157109e-05
401.7017017017017 -2.5420862324166333e-06
402.5025025025025 -8.648293069716711e-05
403.3033033033033 -0.00017108196343554194
404.1041041041041 -9.485455590766643e-05
404.9049049049049 -7.234348449555516e-05
405.7057057057057 -2.5075043797466508e-05
406.5065065065065 -1.921496889639786e-05
407.3073073073073 -5.907781356943117e-06
408.1081081081081 5.587509970101849e-05
408.9089089089089 7.679583598468534e-05
409.7097097097097 7.419586211103e-05
410.5105105105105 -2.110863515673309e-05
411.31131131131133 -0.00011365408030391894
412.11211211211213 -0.00011842319485313916
412.91291291291293 -0.00011497924911859214
413.71371371371373 -0.00016779115728804214
414.51451451451453 -9.824936516964566e-05
415.31531531531533 -2.041293349360232e-05
416.11611611611613 -2.056870589061734e-05
416.91691691691693 0.00011076921189208786
417.71771771771773 5.7449391132448294e-05
418.51851851851853 8.01124858113154e-05
419.31931931931933 0.00023323438020317707
420.12012012012013 0.00044824115848085707
420.92092092092093 0.0003491013224184642
421.72172172172174 0.00022743508009738967
422.52252252252254 0.0001773653244583023
423.32332332332334 0.00019959848513817897
424.12412412412414 0.000266844221903384
424.92492492492494 0.0003155257702519097
425.72572572572574 0.0002069057861357157
426.52652652652654 0.00023784286358006246
427.32732732732734 0.0002470554475614941
428.12812812812814 0.00013336849975226317
428.92892892892894 0.00016281870022156347
429.72972972972974 0.00015981569809873488
430.53053053053054 0.00021568307883072994
431.33133133133134 0.00028298655812072703
432.13213213213214 0.0002946436066782846
432.93293293293294 0.00017048104096992566
433.73373373373374 0.00026722703784959014
434.53453453453454 0.00028198524664339056
435.33533533533534 0.00034096214688299176
436.13613613613614 0.0006042990424213348
436.93693693693695 0.001217328546479673
437.73773773773775 0.001708159928728313
438.53853853853855 0.0015905259779876923
439.33933933933935 0.001109488329374932
440.14014014014015 0.0005852445739362254
440.94094094094095 0.0003151331216340021
441.74174174174175 0.00020844916082828034
442.54254254254255 5.9078730790635104e-05
443.34334334334335 -2.9610542188328084e-05
444.14414414414415 6.366907498552887e-06
444.94494494494495 7.819994968168835e-05
445.74574574574575 -0.0001292530366813642
446.54654654654655 -3.9928437490303256e-05
447.34734734734735 3.6371625609697356e-05
448.14814814814815 -5.960597951337101e-05
448.94894894894895 1.8192405188775254e-05
449.74974974974975 -0.00012915486073579644
450.55055055055055 -9.136249836937872e-05
451.35135135135135 2.5414172436636285e-07
452.15215215215215 2.1380557756252654e-05
452.95295295295296 -5.179828128519914e-05
453.75375375375376 -0.00018649200244934595
454.55455455455456 -5.992828869096572e-05
455.35535535535536 9.440688864528228e-05
456.15615615615616 0.00011292266796085376
456.95695695695696 3.7175708109852224e-05
457.75775775775776 -1.03022070955917e-05
458.55855855855856 0.0001807619099285424
459.35935935935936 0.0003690852007887417
460.16016016016016 0.00041885300011219184
460.96096096096096 0.000433750506790832
461.76176176176176 0.0005252800183550852
462.56256256256256 0.0008789547207549879
463.36336336336336 0.001586446709721435
464.16416416416416 0.0026715362281256967
464.96496496496496 0.004079253531405601
465.76576576576576 0.005976449444045467
466.56656656656656 0.007260209247498617
467.36736736736736 0.007505901350753618
468.16816816816817 0.006603880508399382
468.96896896896897 0.0048263104184989745
469.76976976976977 0.003092436302952378
470.57057057057057 0.001868726470892027
471.3713713713714 0.0010548966307340447
472.17217217217217 0.0005392397064260607
472.972972972973 0.00024814727161082947
473.77377377377377 0.0002329334421761771
474.5745745745746 0.00021172358720915446
475.37537537537537 0.00016963620113972624
476.1761761761762 0.00012340077816105617
476.97697697697697 0.0001212835248125728
477.7777777777778 0.00011049450137134707
478.5785785785786 0.00012340831654113934
479.37937937937943 0.00013151315655750493
480.1801801801802 0.00012780963868214094
480.98098098098103 0.00013704271200233145
481.7817817817818 0.00015873655151981252
482.58258258258263 0.0001926840551643403
483.3833833833834 0.00025927647467540333
484.18418418418423 0.00035246989939848484
484.984984984985 0.0004320436790179517
485.78578578578583 0.0006067736294942216
486.5865865865866 0.0007576777490164661
487.38738738738743 0.0009975516054655468
488.1881881881882 0.0013982312164176973
488.98898898898904 0.0019803675900450643
489.7897897897898 0.002679338219222647
490.59059059059064 0.003464727218490387
491.3913913913914 0.003994017719499779
492.19219219219224 0.004157698186477643
492.992992992993 0.004112082741869397
493.79379379379384 0.003423666454831998
494.5945945945946 0.0027950252223697732
495.39539539539544 0.0022314943070981183
496.1961961961962 0.0017588571600645924
496.99699699699704 0.0014323336808384852
497.7977977977978 0.0013287354855319401
498.59859859859864 0.0010572491637471494
499.3993993993994 0.0009179106793224985
500.20020020020024 0.0009285121574168103
501.001001001001 0.0008183841102948635
501.80180180180184 0.0009312122202382241
502.6026026026026 0.000874464863130056
503.40340340340344 0.0007778308998037532
504.2042042042042 0.0007791749953436185
505.00500500500505 0.001019399566491286
505.8058058058058 0.001008680904251264
506.60660660660665 0.0011011354607575866
507.4074074074074 0.0012624929036861294
508.20820820820825 0.0014783311918082785
509.009009009009 0.0017518588618361504
509.80980980980985 0.0021400365030610443
510.6106106106106 0.002444475453090852
511.41141141141145 0.0027218666723431554
512.2122122122122 0.003070776797793215
513.013013013013 0.003614238326152869
513.8138138138138 0.0038766724401755755
514.6146146146147 0.004024410411566542
515.4154154154154 0.004094833746984255
516.2162162162163 0.004098759663733427
517.017017017017 0.0040313476100333895
517.8178178178179 0.004037873419295986
518.6186186186186 0.0040333909051590965
519.4194194194195 0.003947767534729215
520.2202202202202 0.003842580639955346
521.021021021021 0.0038692937925504213
521.8218218218218 0.003791383213401562
522.6226226226227 0.0036246102815700315
523.4234234234234 0.003452323140811216
524.2242242242243 0.0032983608283584497
525.025025025025 0.003146829713638395
525.8258258258259 0.0030046006389731258
526.6266266266266 0.002602832493671969
527.4274274274275 0.002302213783002753
528.2282282282282 0.002141622805138701
529.0290290290291 0.001960037845695824
529.8298298298298 0.0018932139125770909
530.6306306306307 0.001756059482432569
531.4314314314314 0.0016756289260362457
532.2322322322323 0.0016561623653553504
533.033033033033 0.0016305455681681683
533.8338338338339 0.0016628171999850596
534.6346346346346 0.0016989140232396868
535.4354354354355 0.0017450947389648149
536.2362362362362 0.001826253231681031
537.0370370370371 0.0019658354254708374
537.8378378378378 0.0019501123672574082
538.6386386386387 0.0021453602411793163
539.4394394394394 0.0024021407380722826
540.2402402402403 0.002688382281794926
541.0410410410411 0.0030348696452386892
541.8418418418419 0.003517972022982543
542.6426426426426 0.004128686737784804
543.4434434434435 0.004919669617890501
544.2442442442443 0.005934327049894896
545.0450450450451 0.007217688720520719
545.8458458458458 0.009036130046875163
546.6466466466467 0.011487654667068324
547.4474474474475 0.014781461630971682
548.2482482482483 0.0191362953453871
549.049049049049 0.02481222855678776
549.8498498498499 0.033182498134669704
550.6506506506507 0.045018672659614886
551.4514514514515 0.0616072325751077
552.2522522522522 0.0849836861127971
553.0530530530531 0.11754789887049118
553.8538538538539 0.16549215089763955
554.6546546546547 0.23646406211810056
555.4554554554554 0.3386066639500231
556.2562562562563 0.48290422405711475
557.0570570570571 0.6827983151581808
557.8578578578579 0.9872609167163707
558.6586586586586 1.4407288285103224
559.4594594594595 2.082487042432338
560.2602602602603 2.957630157850124
561.0610610610611 4.114719769588709
561.8618618618618 5.737248986046135
562.6626626626627 7.96996549528123
563.4634634634635 10.787071810611984
564.2642642642643 14.15728368042654
565.065065065065 18.017901979490617
565.8658658658659 22.37821433793394
566.6666666666667 26.980398597624728
567.4674674674675 31.594355805002536
568.2682682682682 36.094240290613214
569.0690690690691 40.37770516176453
569.86986986987 44.225366679640686
570.6706706706707 47.68740379391552
571.4714714714714 50.718290297148805
572.2722722722723 53.26991917028564
573.0730730730731 55.327333079840464
573.8738738738739 56.92332499916779
574.6746746746746 58.153559721947985
575.4754754754755 59.11790065370882
576.2762762762763 59.899587286828485
577.0770770770771 60.57685488756019
577.8778778778778 61.182401352298164
578.6786786786787 61.75589473950399
579.4794794794796 62.290613923600965
580.2802802802803 62.768890422266814
581.081081081081 63.17156045872028
581.8818818818819 63.46982584092405
582.6826826826828 63.65639612423277
583.4834834834835 63.761858907727515
584.2842842842842 63.79430356533677
585.0850850850851 63.76289371775496
585.885885885886 63.691218739661416
586.6866866866867 63.59542950391564
587.4874874874874 63.4836090802796
588.2882882882883 63.36386486594187
589.0890890890892 63.23561415659651
589.8898898898899 63.079575885175316
590.6906906906906 62.897753964942865
591.4914914914915 62.6777261097478
592.2922922922924 62.419738110649305
593.0930930930931 62.12790475871822
593.8938938938938 61.79728058680254
594.6946946946947 61.45787988790355
595.4954954954956 61.12766668275343
596.2962962962963 60.82079869074252
597.097097097097 60.54396931107591
597.8978978978979 60.30658935761975
598.6986986986988 60.11375874319768
599.4994994994995 59.957447960250676
600.3003003003003 59.83042038754467
601.1011011011011 59.72502303720076
601.901901901902 59.64011923046578
602.7027027027027 59.55642652598369
603.5035035035035 59.46359443880379
604.3043043043043 59.35836470787448
605.1051051051052 59.23947725913234
605.9059059059059 59.104832177189806
606.7067067067067 58.96552749998457
607.5075075075075 58.819599286372245
608.3083083083084 58.67470415711026
609.1091091091091 58.536689393193164
609.9099099099099 58.397137962575464
610.7107107107107 58.259085847193035
611.5115115115116 58.12658023306403
612.3123123123123 57.9974862683325
613.1131131131131 57.88491581472591
613.9139139139139 57.76506040560652
614.7147147147148 57.634970834965294
615.5155155155155 57.50273803211123
616.3163163163163 57.36623806695221
617.1171171171171 57.224301407452025
617.917917917918 57.084140381691824
618.7187187187187 56.94446221919108
619.5195195195195 56.81131378627393
620.3203203203203 56.68562623370382
621.1211211211212 56.56682945475374
621.9219219219219 56.45343682797543
622.7227227227227 56.33592869993313
623.5235235235235 56.2069903332634
624.3243243243244 56.04147203455681
625.1251251251251 55.81431229378997
625.9259259259259 55.56242331848721
626.7267267267267 55.294833881647676
627.5275275275276 55.0173944398366
628.3283283283283 54.72902251004579
629.1291291291291 54.43185944658638
629.9299299299299 54.13853556027249
630.7307307307308 53.86155717473495
631.5315315315315 53.60197303494403
632.3323323323323 53.36261285612699
633.1331331331331 53.144412471336686
633.933933933934 52.94613458805229
634.7347347347347 52.764686286852495
635.5355355355355 52.60130489601858
636.3363363363363 52.44574140525694
637.1371371371372 52.2897567042336
637.9379379379379 52.13057315386695
638.7387387387387 51.95031588567131
639.5395395395395 51.75527006454817
640.3403403403404 51.54284567598473
641.1411411411411 51.31306548367619
641.941941941942 51.07203596397838
642.7427427427428 50.80841479038151
643.5435435435436 50.53652813821345
644.3443443443443 50.265248300135106
645.1451451451452 49.998383304297185
645.945945945946 49.738147771937605
646.7467467467468 49.48393180410852
647.5475475475475 49.23178315967157
648.3483483483484 48.98064734877009
649.1491491491493 48.74744710711082
649.94994994995 48.55621251536416
650.7507507507507 48.352220357622265
651.5515515515516 48.13701617438099
652.3523523523525 47.9072401168787
653.1531531531532 47.66224369066128
653.9539539539539 47.40594598332386
654.7547547547548 47.13972288247604
655.5555555555557 46.86959954746753
656.3563563563564 46.6064335523727
657.1571571571571 46.35730772254913
657.957957957958 46.12285354717872
658.7587587587589 45.92012927183227
659.5595595595596 45.73982517817022
660.3603603603603 45.58548189910805
661.1611611611612 45.4559178134181
661.9619619619621 45.33002377077062
662.7627627627628 45.23239594591834
663.5635635635635 45.13971999415748
664.3643643643644 45.048115155178735
665.1651651651653 44.95348472196089
665.965965965966 44.849211460228254
666.7667667667668 44.73462427279598
667.5675675675676 44.59942602538691
668.3683683683685 44.44412654130174
669.1691691691692 44.27018572521985
669.96996996997 44.07846228226683
670.7707707707708 43.86876747487654
671.5715715715717 43.63664750616812
672.3723723723724 43.43337097883317
673.1731731731732 43.21710159912653
673.973973973974 42.97853644491243
674.7747747747749 42.71386769827873
675.5755755755756 42.41956067937892
676.3763763763764 42.09699835413069
677.1771771771772 41.6765058308685
677.9779779779781 41.194192087750054
678.7787787787788 40.67392847506538
679.5795795795796 40.122586430476055
680.3803803803804 39.5470828450601
681.1811811811813 38.951113568081844
681.981981981982 38.33316021382423
682.7827827827828 37.70946957523741
683.5835835835836 37.08147034897922
684.3843843843845 36.44058453878346
685.1851851851852 35.78311585288025
685.985985985986 35.09782711583017
686.7867867867868 34.30965526492677
687.5875875875877 33.39024783422965
688.3883883883884 32.295206104477636
689.1891891891892 30.97800099880492
689.98998998999 29.38398786281185
690.7907907907909 27.399786833768488
691.5915915915916 25.10361751801295
692.3923923923924 22.53289744379902
693.1931931931932 19.749821906000037
693.9939939939941 16.841147666769587
694.7947947947948 14.017256672169484
695.5955955955956 11.408584709171315
696.3963963963964 9.0927517325027
697.1971971971973 7.106587953686224
697.997997997998 5.449420981401182
698.7987987987988 4.185510408878296
699.5995995995996 3.189321168790825
700.4004004004005 2.411747850237065
701.2012012012012 1.8140811468354883
702.002002002002 1.3593100518237426
702.8028028028028 1.0374618874938657
703.6036036036037 0.788092240126919
704.4044044044044 0.5986891662077638
705.2052052052052 0.45653423814909927
706.006006006006 0.3485358050663492
706.8068068068069 0.27126415758163164
707.6076076076076 0.21171565812177795
708.4084084084084 0.16552338983386677
709.2092092092092 0.12952470336018884
710.0100100100101 0.10146299546248565
710.8108108108108 0.08101873957309175
711.6116116116116 0.0650209139700999
712.4124124124124 0.052467205033553246
713.2132132132133 0.04251104206464114
714.014014014014 0.034379931264194766
714.8148148148148 0.028052079779843808
715.6156156156156 0.02300967047466925
716.4164164164165 0.01893488601726248
717.2172172172172 0.015630096386833083
718.018018018018 0.012964940669407392
718.8188188188188 0.010802017377508648
719.6196196196197 0.009067600640218004
720.4204204204204 0.007664887199810892
721.2212212212212 0.006489606824177968
722.022022022022 0.005428884577179825
722.8228228228229 0.004609020076710522
723.6236236236236 0.003939097491082943
724.4244244244244 0.0033634855096023237
725.2252252252252 0.002868395444044452
726.0260260260261 0.0024666725495362854
726.8268268268268 0.0022157295763406124
727.6276276276276 0.0018530952308431067
728.4284284284284 0.0015947093636258481
729.2292292292293 0.0014283174577979613
730.03003003003 0.0012075930321302911
730.8308308308308 0.0011237675225201727
731.6316316316316 0.0009578588696012634
732.4324324324325 0.0008338959444976744
733.2332332332332 0.0007704913658074332
734.034034034034 0.0007193868572963521
734.8348348348349 0.00058236141984492
735.6356356356357 0.0005084834508460451
736.4364364364365 0.00046692840340797784
737.2372372372372 0.00042904898161328286
738.038038038038 0.00037183251252464984
738.8388388388389 0.0003797557985092224
739.6396396396397 0.0002989870485193132
740.4404404404404 0.0002439120471484285
741.2412412412413 0.00022077909978865729
742.0420420420421 0.00018414333821495195
742.8428428428429 0.0001895746027984188
743.6436436436436 0.00014908231269205162
744.4444444444445 0.00011749507762932434
745.2452452452453 0.00010325475302739903
746.0460460460461 9.25376739902545e-05
746.8468468468468 8.656419891140873e-05
747.6476476476477 8.893930452764888e-05
748.4484484484485 6.642548528684679e-05
749.2492492492493 3.7932002713917146e-05
750.05005005005 4.268936431356629e-05
750.8508508508509 5.5260580013845935e-05
751.6516516516517 3.6648038274174356e-05
752.4524524524525 4.4989084386501895e-05
753.2532532532532 5.789083396586331e-05
754.0540540540541 2.3995185082882668e-05
754.8548548548549 -2.3267975560655285e-05
755.6556556556557 1.7776346398715485e-05
756.4564564564564 3.74075221645589e-05
757.2572572572573 1.8011822887300558e-05
758.0580580580581 -1.550336627903884e-05
758.8588588588589 -1.2737998931184102e-06
759.6596596596596 4.25515224284717e-05
760.4604604604605 5.3842797496884764e-05
761.2612612612613 2.8914474064462332e-05
762.0620620620621 -5.3273735117383715e-06
762.8628628628628 3.9352448304619154e-05
763.6636636636637 2.8504017342362376e-05
764.4644644644645 4.903021694003984e-05
765.2652652652653 5.446927144533656e-05
766.066066066066 -2.0769003949273787e-05
766.8668668668669 2.254124008573032e-05
767.6676676676677 -8.821788466334703e-07
768.4684684684685 -4.906376751292441e-06
769.2692692692692 2.8104766320343145e-06
770.0700700700701 -1.0406505654980979e-05
770.8708708708709 -1.4986061595347172e-05
771.6716716716717 -2.5355682323093243e-05
772.4724724724724 -1.8644013496544797e-05
773.2732732732733 -4.27189827592872e-07
774.0740740740741 1.2072201042381624e-05
774.8748748748749 -1.2480985592973914e-05
775.6756756756756 -2.7782482635473903e-05
776.4764764764765 -1.3670262882745421e-05
777.2772772772773 -4.029763428566173e-06
778.0780780780781 -3.3326406156414076e-05
778.8788788788789 -2.184858320392712e-05
779.6796796796798 -4.86368536785042e-06
780.4804804804805 -3.131202005077112e-05
781.2812812812813 -6.488283141538996e-05
782.0820820820821 -5.3983030183631454e-05
782.882882882883 -1.0120867973234127e-05
783.6836836836837 -2.494530647678232e-05
784.4844844844845 -2.9355094344037163e-05
785.2852852852853 -3.892139783113662e-05
786.0860860860862 -6.998550669706406e-05
786.8868868868869 -7.458088813065781e-06
787.6876876876877 -7.165810487226482e-06
788.4884884884885 -2.2563729080883486e-05
789.2892892892894 -3.8258097354647664e-05
790.0900900900901 -4.682954481928046e-05
790.8908908908909 -4.362863581728139e-05
791.6916916916917 -6.0994925153169985e-06
792.4924924924926 -6.739709439318871e-06
793.2932932932933 -2.2143975283856917e-05
794.0940940940941 -1.7145637975130392e-05
794.894894894895 -1.644770335027857e-05
795.6956956956958 -1.2509621441896267e-05
796.4964964964965 -8.039604658234949e-06
797.2972972972973 6.363766696426325e-06
798.0980980980981 3.322672699297895e-05
798.898898898899 3.061370729334873e-05
799.6996996996997 0.00680543698177862
800.5005005005005 0.009797901152299235
801.3013013013014 0.009791275583877122
802.1021021021022 0.009589774280270651
802.902902902903 0.010020188546355327
803.7037037037037 0.009694178900813262
804.5045045045046 0.009299303311711886
805.3053053053054 0.009247898069453697
806.1061061061062 0.00963573347359422
806.9069069069069 0.009507693481963264
807.7077077077078 0.009210960283227938
808.5085085085086 0.009040670038386866
809.3093093093094 0.008985585128210762
810.1101101101101 0.008996771667134772
810.910910910911 0.009120572658041986
811.7117117117118 0.008785214349070983
812.5125125125126 0.008829826861605434
813.3133133133133 0.009099942669371757
814.1141141141142 0.00922792695940027
814.9149149149149 0.008672515089658621
815.7157157157158 0.008248602694145955
816.5165165165165 0.008146032468804847
817.3173173173174 0.008300743259702419
818.1181181181181 0.008509500304597805
818.918918918919 0.00824459546954173
819.7197197197197 0.008386979886045481
820.5205205205206 0.00849585280940763
821.3213213213213 0.008585203364762818
822.1221221221222 0.008656128730437085
822.9229229229229 0.008442229934329398
823.7237237237238 0.008315041091870694
824.5245245245245 0.00828752199472182
825.3253253253254 0.008188978989378566
826.1261261261261 0.008011828471556156
826.926926926927 0.008267827731060728
827.7277277277277 0.008188653443193368
828.5285285285286 0.008095015416260672
829.3293293293293 0.007984511739361258
830.1301301301302 0.0078734906073223
830.9309309309309 0.00795306035299355
831.7317317317318 0.007760119235497769
832.5325325325325 0.00779274033903682
833.3333333333334 0.007873493425052462
834.1341341341341 0.00787712604165859
834.934934934935 0.008031710876312367
835.7357357357357 0.007744064583592631
836.5365365365366 0.0074604792353625245
837.3373373373373 0.007500946130400977
838.1381381381382 0.00781259020273081
838.9389389389389 0.007448607859161101
839.7397397397398 0.007344806775538929
840.5405405405405 0.0073472259111140035
841.3413413413414 0.007397481127562163
842.1421421421421 0.0074575751669590205
842.942942942943 0.007516443045949419
843.7437437437437 0.007316679581838324
844.5445445445446 0.007137132840537468
845.3453453453453 0.0070563769173449704
846.1461461461462 0.007041292210623741
846.946946946947 0.006851991579257836
847.7477477477478 0.006913906817750043
848.5485485485486 0.006901939856355189
849.3493493493494 0.007026996637586427
850.1501501501502 0.007314466652979051
850.950950950951 0.007315339748489887
851.7517517517518 0.007114229925940541
852.5525525525526 0.007030750106339608
853.3533533533534 0.007066332166313489
854.1541541541542 0.007100765336866523
854.954954954955 0.006812608594489383
855.7557557557558 0.00706062587335103
856.5565565565566 0.006915780654310914
857.3573573573574 0.006819582027104496
858.1581581581582 0.006928104952472188
858.958958958959 0.00670668472813135
859.7597597597598 0.006781995107763169
860.5605605605606 0.006558610945106906
861.3613613613614 0.0063900084895877
862.1621621621622 0.0064195970267883614
862.962962962963 0.00633680892815158
863.7637637637638 0.006318237504640505
864.5645645645646 0.00637685827411907
865.3653653653654 0.006308383370191739
866.1661661661662 0.006158968641218401
866.966966966967 0.006408274541577952
867.7677677677679 0.006226707017354118
868.5685685685686 0.006160186283489823
869.3693693693695 0.006142654224709786
870.1701701701702 0.0061364848001769804
870.970970970971 0.006193259473696666
871.7717717717718 0.006134489318453144
872.5725725725727 0.006074681208012253
873.3733733733734 0.00594411160758143
874.1741741741743 0.005774997669023727
874.974974974975 0.005759430693106869
875.7757757757759 0.005940137659894841
876.5765765765766 0.0059405192555657856
877.3773773773775 0.005982704903007234
878.1781781781782 0.006047346092805065
878.9789789789791 0.005750017468412519
879.7797797797798 0.005501771122107217
880.5805805805807 0.00563309329462671
881.3813813813814 0.005753332618691136
882.1821821821823 0.005719706828776011
882.982982982983 0.005725299306318559
883.7837837837839 0.005508804117306112
884.5845845845846 0.00546457846117682
885.3853853853855 0.005446316840002189
886.1861861861862 0.005399245395349398
886.9869869869871 0.005391997365861858
887.7877877877878 0.0054009367089861765
888.5885885885887 0.005500083101965041
889.3893893893894 0.005351742096641011
890.1901901901903 0.005028028199520399
890.990990990991 0.005069887300413613
891.7917917917919 0.004941509226042194
892.5925925925926 0.00478408894909938
893.3933933933935 0.004820533648962344
894.1941941941942 0.004957380065850391
894.9949949949951 0.004766364111356907
895.7957957957958 0.004892855234998322
896.5965965965967 0.0047213842086530535
897.3973973973974 0.0046295932119970965
898.1981981981983 0.004672991325342523
898.998998998999 0.004581156006589792
899.7997997997999 0.004719485231220856
900.6006006006006 0.004640715568579087
901.4014014014015 0.004571921534357661
902.2022022022022 0.004585363335351916
903.0030030030031 0.004605866177481196
903.8038038038038 0.004331647726309175
904.6046046046047 0.004273975253190613
905.4054054054054 0.004264515135552498
906.2062062062063 0.004236215122878226
907.007007007007 0.00421028044478513
907.8078078078079 0.004101467787379761
908.6086086086086 0.004103093541200993
909.4094094094095 0.0040489434849137855
910.2102102102102 0.003970578230804358
911.0110110110111 0.004049551573871582
911.8118118118118 0.0037276602242138765
912.6126126126127 0.0038119486480747643
913.4134134134134 0.0038705188697405997
914.2142142142143 0.003774224718555908
915.015015015015 0.0036303362848520092
915.8158158158159 0.003636213554293986
916.6166166166166 0.003650974162403743
917.4174174174175 0.0035937358256542973
918.2182182182182 0.00352138420036999
919.0190190190191 0.003577469910227779
919.8198198198198 0.003341446813356686
920.6206206206207 0.0032064502263939973
921.4214214214214 0.003250034395462511
922.2222222222223 0.003356954604155135
923.023023023023 0.0032928125661356514
923.8238238238239 0.003334667195742382
924.6246246246246 0.00311892022651347
925.4254254254255 0.003013618699390865
926.2262262262262 0.0030162099042239494
927.0270270270271 0.0029675718867009965
927.8278278278278 0.0030028134118749313
928.6286286286287 0.003015508225485063
929.4294294294294 0.0030407271509868116
930.2302302302303 0.003050116977031514
931.031031031031 0.0029915818814523812
931.8318318318319 0.0031910303539174232
932.6326326326326 0.0031673189197747318
933.4334334334335 0.003064228848147734
934.2342342342342 0.0029822275769247624
935.0350350350351 0.0029921637015416272
935.8358358358358 0.003001432587876064
936.6366366366367 0.003116672124726411
937.4374374374374 0.0031603680318455208
938.2382382382383 0.0031241582112133625
939.039039039039 0.0030882523119395242
939.8398398398399 0.002996427491814731
940.6406406406406 0.0029411188405255185
941.4414414414415 0.0029517341838139924
942.2422422422422 0.0029730890788039104
943.0430430430431 0.0029216436996808235
943.8438438438438 0.0030134847650312513
944.6446446446447 0.0030174365975713393
945.4454454454454 0.0029407373547260126
946.2462462462463 0.0028601076175448904
947.047047047047 0.0028689944985869436
947.8478478478479 0.0027599905495266437
948.6486486486486 0.002844374062101432
949.4494494494495 0.0028148598958366877
950.2502502502502 0.002727330865897858
951.0510510510511 0.0027800864907423775
951.8518518518518 0.002779251762404028
952.6526526526527 0.0028096908218052247
953.4534534534534 0.002744978633504059
954.2542542542543 0.0026466825579753114
955.055055055055 0.002639700321424303
955.8558558558559 0.0025481900320889375
956.6566566566567 0.002517915470164653
957.4574574574575 0.002469065586976694
958.2582582582583 0.0024364489476812416
959.0590590590591 0.0024758358971765037
959.8598598598599 0.0024008482503387685
960.6606606606607 0.0023880403903495575
961.4614614614615 0.0023411306125967007
962.2622622622623 0.00228570825433715
963.063063063063 0.002276560205639502
963.8638638638639 0.002216824808665322
964.6646646646647 0.0022109440941314915
965.4654654654655 0.002223590499662302
966.2662662662663 0.0021878514929810438
967.0670670670671 0.002063698475637813
967.8678678678679 0.0021194728276899004
968.6686686686687 0.0020713042092078654
969.4694694694695 0.002005126811612498
970.2702702702703 0.0019722645692168716
971.0710710710711 0.001990779511822503
971.8718718718719 0.0019139251976760586
972.6726726726727 0.0018763862558316222
973.4734734734735 0.0018672074071585693
974.2742742742743 0.0018495646876330587
975.0750750750751 0.0017911263102059526
975.8758758758759 0.0017447867115431505
976.6766766766767 0.0016979207763547818
977.4774774774775 0.0016705765544027928
978.2782782782783 0.0016541145400584525
979.0790790790791 0.001629105911500526
979.8798798798799 0.001563335019532597
980.6806806806807 0.001610987083565856
981.4814814814815 0.0016099026060057457
982.2822822822823 0.0015655792470341467
983.0830830830831 0.0015234115455448507
983.883883883884 0.0014981020347150241
984.6846846846847 0.0014505098825991596
985.4854854854856 0.0014346312795132658
986.2862862862863 0.0014321504989723223
987.0870870870872 0.0014092778494716966
987.8878878878879 0.0013506426239187966
988.6886886886888 0.0013529176524915774
989.4894894894895 0.0013474790646598143
990.2902902902904 0.0013155769794951078
991.0910910910911 0.0012645708286607516
991.891891891892 0.0012724150842731551
992.6926926926927 0.001268116350564212
993.4934934934936 0.0012468278946926642
994.2942942942943 0.0012244246381025313
995.0950950950952 0.0012104101645257343
995.8958958958959 0.0011593414745069107
996.6966966966968 0.001184115362100203
997.4974974974975 0.0011581187138672239
998.2982982982984 0.0011281605834576572
999.0990990990991 0.0011524283874835893
999.8998998999 0.0011149431011685412
1000.7007007007007 0.0011089901356197227
1001.5015015015016 0.0010972060763591984
1002.3023023023023 0.0010918950456238327
1003.1031031031032 0.0011066205916637126
1003.9039039039039 0.0011187843192410518
1004.7047047047048 0.0011350685576816608
1005.5055055055055 0.0010963287087299915
1006.3063063063064 0.0010475796253588236
1007.1071071071071 0.0010363557984302584
1007.907907907908 0.0010404014142134858
1008.7087087087087 0.0010412367403130648
1009.5095095095096 0.0010397289661542859
1010.3103103103103 0.0010443658726923411
1011.1111111111112 0.0010493267587583226
1011.911911911912 0.0009870648995232332
1012.7127127127128 0.0010014610064063394
1013.5135135135135 0.000984438232849102
1014.3143143143144 0.0009611273046333689
1015.1151151151151 0.0009578948273555689
1015.915915915916 0.0009229814402469343
1016.7167167167167 0.0009352293410972258
1017.5175175175176 0.0009445633758417701
1018.3183183183183 0.0009410846954928007
1019.1191191191192 0.0009261308468092354
1019.91991991992 0.000916336801109931
1020.7207207207208 0.0009265745249366841
1021.5215215215215 0.0009136224658309415
1022.3223223223224 0.0008840359730446286
1023.1231231231232 0.0008620435112159048
1023.923923923924 0.0009069607090041718
1024.7247247247246 0.0008868663380426224
1025.5255255255256 0.0008702632929311355
1026.3263263263264 0.0008588701986260937
1027.127127127127 0.0008419337054910154
1027.927927927928 0.0007947682873182366
1028.7287287287288 0.0008120682805554656
1029.5295295295296 0.0007954097182638048
1030.3303303303305 0.0007704543952327832
1031.131131131131 0.000753506431818476
1031.931931931932 0.0006985339853622352
1032.7327327327328 0.0007013814946735079
1033.5335335335335 0.0006942746274560388
1034.3343343343345 0.0006732493033095895
1035.1351351351352 0.0006472941065472632
1035.935935935936 0.0006398745087443488
1036.736736736737 0.000608906276850525
1037.5375375375374 0.0005870001861765531
1038.3383383383384 0.0005736783296196354
1039.1391391391392 0.0005633304599567091
1039.93993993994 0.0005463031435057157
1040.7407407407409 0.0005422686024346507
1041.5415415415416 0.000509532427554343
1042.3423423423424 0.0004849410339078453
1043.1431431431433 0.00048275820190484626
1043.9439439439439 0.0004602765302485178
1044.7447447447448 0.0004431307785429921
1045.5455455455456 0.00042133775576510266
1046.3463463463463 0.00039701620489196167
1047.1471471471473 0.0003704961462234763
1047.947947947948 0.0003364894441160105
1048.7487487487488 0.0003387751477089163
1049.5495495495497 0.0003187116777284582
1050.3503503503503 0.0002932483840663829
1051.1511511511512 0.0002756749571286213
1051.951951951952 0.00026624132588418727
1052.7527527527527 0.00024379516660704152
1053.5535535535537 0.00024078593572872652
1054.3543543543544 0.00024317654729927386
1055.1551551551552 0.00024029199347423754
1055.9559559559561 0.00022414082237566903
1056.7567567567567 0.00021934671772292974
1057.5575575575576 0.0002176912902981526
1058.3583583583584 0.0002153459548181853
1059.1591591591591 0.00021024688879843012
1059.95995995996 0.0002024139498893139
1060.7607607607608 0.00019713679633018446
1061.5615615615616 0.0001944648643069324
1062.3623623623625 0.00019005240621848682
1063.163163163163 0.0001811792849217963
1063.963963963964 0.00016742651653056344
1064.7647647647648 0.00016801997396372946
1065.5655655655655 0.00016254159463703301
1066.3663663663665 0.00016177378131828227
1067.1671671671672 0.00016600876676366855
1067.967967967968 0.00015524525584830894
1068.768768768769 0.00014957327152194491
1069.5695695695695 0.00014795837054668663
1070.3703703703704 0.00014401525688863216
1071.1711711711712 0.00013824264881417484
1071.971971971972 0.00014107277723754283
1072.772772772773 0.000133559421769076
1073.5735735735736 0.00012888671274251492
1074.3743743743744 0.00012425523932717086
1075.1751751751754 0.00011900803451359601
1075.9759759759759 0.00011599260177687594
1076.7767767767768 0.00011115955058632885
1077.5775775775776 0.00010730140661071418
1078.3783783783783 0.00010261160733439962
1079.1791791791793 9.72793029540041e-05
1079.97997997998 9.564516119499688e-05
1080.7807807807808 9.81797238255856e-05
1081.5815815815818 0.00010375426166486241
1082.3823823823823 0.0001077510431432932
1083.1831831831832 0.00010843338785970929
1083.983983983984 0.00010864409300793008
1084.7847847847847 0.00010632814684056496
1085.5855855855857 0.00011060925523108531
1086.3863863863864 0.00011658637475514647
1087.1871871871872 0.00011979945580205363
1087.9879879879882 0.00011684203464419214
1088.7887887887887 0.0001222640509124191
1089.5895895895897 0.00012052242363370507
1090.3903903903904 0.0001198718414997406
1091.1911911911911 0.00012399584014866492
1091.991991991992 0.00013022019555513476
1092.7927927927929 0.0
1093.5935935935936 0.0
1094.3943943943946 0.0
1095.195195195195 0.0
1095.995995995996 0.0
1096.7967967967968 0.0
1097.5975975975975 0.0
1098.3983983983985 0.0
1099.1991991991993 0.0
1100.0 0.0
