A normalised
6853.81 0.00046033585161032
6858.81 0.00057068692543727
6863.81 0.00065610805395249
6868.81 0.00072910701576821
6873.81 0.000906986921651
6878.81 0.0011656157585361
6883.81 0.0014638480477675
6888.81 0.0018218510986127
6893.81 0.0022783622251566
6898.81 0.0028447706782602
6903.81 0.0036027710161745
6908.81 0.0045941999667291
6913.81 0.0057950893290579
6918.81 0.0073183311245613
6923.81 0.0092527995962802
6928.81 0.011579567995216
6933.81 0.014503764750728
6938.81 0.018113686173868
6943.81 0.022641040464015
6948.81 0.02825554116837
6953.81 0.035057071422702
6958.81 0.043503258240456
6963.81 0.054083600131422
6968.81 0.067068822953879
6973.81 0.083001945750359
6978.81 0.10185822046119
6983.81 0.12460689196165
6988.81 0.15162063861312
6993.81 0.1828163700292
6998.81 0.21928616295657
7003.81 0.25946187524902
7008.81 0.30286158743091
7013.81 0.34870784320546
7018.81 0.39339047737867
7023.81 0.43659333934337
7028.81 0.47536124774604
7033.81 0.50970562192741
7038.81 0.53858934972254
7043.81 0.55996027623144
7048.81 0.57584338986869
7053.81 0.58754768854955
7058.81 0.59501069140704
7063.81 0.59927924144857
7068.81 0.60234635936728
7073.81 0.60425506928629
7078.81 0.60489444930596
7083.81 0.60585079411268
7088.81 0.60539036424711
7093.81 0.60495988112469
7098.81 0.60511409831266
7103.81 0.60474321899277
7108.81 0.60472452934499
7113.81 0.60499354255365
7118.81 0.60528901574099
7123.81 0.60603648319104
7128.81 0.6069000063195
7133.81 0.6088901760413
7138.81 0.61002714617694
7143.81 0.61011708381271
7148.81 0.61053692846064
7153.81 0.6118882500404
7158.81 0.61208026674905
7163.81 0.6079416734521
7168.81 0.60217933020547
7173.81 0.59718575662833
7178.81 0.5927011630185
7183.81 0.58645328764311
7188.81 0.5793314780118
7193.81 0.58156742088555
7198.81 0.58531838250417
7203.81 0.58991124514352
7208.81 0.59471934744438
7213.81 0.60112883889675
7218.81 0.6075826312952
7223.81 0.60510912422909
7228.81 0.60032314429475
7233.81 0.5947387178292
7238.81 0.58899489147082
7243.81 0.58762742703197
7248.81 0.5877331699947
7253.81 0.59057150297676
7258.81 0.59292691416662
7263.81 0.59246091551874
7268.81 0.59022817682123
7273.81 0.58752463103038
7278.81 0.58725814975665
7283.81 0.58774121212778
7288.81 0.58834280484355
7293.81 0.59004103820527
7298.81 0.59347295458706
7303.81 0.59127944046215
7308.81 0.58795853910592
7313.81 0.59018209414946
7318.81 0.59398788206601
7323.81 0.59651021228231
7328.81 0.5993717432394
7333.81 0.60054849776815
7338.81 0.60158030476284
7343.81 0.60107233962957
7348.81 0.60141867253872
7353.81 0.60229148246662
7358.81 0.60182652329001
7363.81 0.60241219098965
7368.81 0.60245143879536
7373.81 0.60285085576183
7378.81 0.60410976284373
7383.81 0.60426687541326
7388.81 0.60414192812525
7393.81 0.60449414791554
7398.81 0.60456228309022
7403.81 0.60490384623881
7408.81 0.60548473583327
7413.81 0.60555997211134
7418.81 0.60608842828151
7423.81 0.60565595035923
7428.81 0.60538867179342
7433.81 0.60600982831176
7438.81 0.6054788665166
7443.81 0.60531205535177
7448.81 0.60455771870001
7453.81 0.6034407851949
7458.81 0.60214878495291
7463.81 0.6018539570993
7468.81 0.60254813299651
7473.81 0.60193402365499
7478.81 0.60105872562789
7483.81 0.60135383518411
7488.81 0.60109222104378
7493.81 0.60053562101884
7498.81 0.60010818947066
7503.81 0.59907767241089
7508.81 0.59866694793824
7513.81 0.59808244386229
7518.81 0.59802007714934
7523.81 0.59745013097832
7528.81 0.59812367020462
7533.81 0.59699122588351
7538.81 0.5972707824268
7543.81 0.59705499792683
7548.81 0.59680197760137
7553.81 0.59750321570489
7558.81 0.59793634067428
7563.81 0.59785315491665
7568.81 0.59867018104717
7573.81 0.59902059426925
7578.81 0.59927010211421
7583.81 0.59980125679309
7588.81 0.59902009868195
7593.81 0.47659223190072
7598.81 0.31587069066312
7603.81 0.25423706002604
7608.81 0.22380407125889
7613.81 0.30650599865509
7618.81 0.4240986114926
7623.81 0.40128028464174
7628.81 0.33515534352249
7633.81 0.3480266315953
7638.81 0.38556686360728
7643.81 0.41196472982225
7648.81 0.43497685908862
7653.81 0.4597695013555
7658.81 0.48581429692046
7663.81 0.50921754478315
7668.81 0.53003978259947
7673.81 0.54874289912286
7678.81 0.56617138782182
7683.81 0.57389949705603
7688.81 0.57789137884008
7693.81 0.58004136647033
7698.81 0.5834114976952
7703.81 0.58464991477512
7708.81 0.58477272460484
7713.81 0.58377143803594
7718.81 0.582629778431
7723.81 0.58126543859162
7728.81 0.58081120469175
7733.81 0.58011079862021
7738.81 0.58265568731003
7743.81 0.58397130340545
7748.81 0.58471286182846
7753.81 0.58581913864828
7758.81 0.58790260628258
7763.81 0.58745528317785
7768.81 0.58748953874497
7773.81 0.5882200046924
7778.81 0.58702052054541
7783.81 0.58702699923535
7788.81 0.58599188774581
7793.81 0.58586917433928
7798.81 0.58591719380751
7803.81 0.58528977049494
7808.81 0.58334215710976
7813.81 0.58377271044624
7818.81 0.58383283579081
7823.81 0.58303576747255
7828.81 0.58255690442119
7833.81 0.58315332827349
7838.81 0.58269366886617
7843.81 0.58167106650487
7848.81 0.58130856182411
7853.81 0.58251039231068
7858.81 0.58219675862898
7863.81 0.58115425431557
7868.81 0.58064545021283
7873.81 0.58049385503912
7878.81 0.58072550845981
7883.81 0.57994097812043
7888.81 0.58096449669196
7893.81 0.57932012659621
7898.81 0.57847861156387
7903.81 0.57818210052146
7908.81 0.57789864941529
7913.81 0.57831368642282
7918.81 0.57810013308079
7923.81 0.5767570917655
7928.81 0.57657655599616
7933.81 0.57625450312636
7938.81 0.57511267200322
7943.81 0.57374236207945
7948.81 0.57207101193582
7953.81 0.57037526353401
7958.81 0.56745398992891
7963.81 0.56585149420744
7968.81 0.56473104207022
7973.81 0.56284376635483
7978.81 0.56226082798003
7983.81 0.56271646626274
7988.81 0.56030454302617
7993.81 0.55784197960574
7998.81 0.55754309977636
8003.81 0.55766726763264
8008.81 0.55661899061992
8013.81 0.55475406770328
8018.81 0.55417455391278
8023.81 0.55395329006707
8028.81 0.55330582103906
8033.81 0.55270318085784
8038.81 0.55271951373494
8043.81 0.55199946792263
8048.81 0.55169424029443
8053.81 0.55224884016687
8058.81 0.55244166493507
8063.81 0.55212936179371
8068.81 0.55172614636428
8073.81 0.55113797705946
8078.81 0.55109174573528
8083.81 0.55058413205814
8088.81 0.54980486358315
8093.81 0.54913124010351
8098.81 0.54847697912422
8103.81 0.54733699718529
8108.81 0.5465071432209
8113.81 0.5447446239835
8118.81 0.54325574722113
8123.81 0.54186754600957
8128.81 0.54092843302042
8133.81 0.53504871790357
8138.81 0.52874717122657
8143.81 0.52614742768287
8148.81 0.52530795546807
8153.81 0.51935626726862
8158.81 0.51180175508515
8163.81 0.50993336087785
8168.81 0.50964315297508
8173.81 0.50829780044093
8178.81 0.50596970401667
8183.81 0.50768060929283
8188.81 0.51099772993183
8193.81 0.50745433644825
8198.81 0.50194058519939
8203.81 0.50449662860256
8208.81 0.50935515461264
8213.81 0.5062795431292
8218.81 0.5000350217147
8223.81 0.47914169816726
8228.81 0.45352345481532
8233.81 0.45705362428727
8238.81 0.46793647071048
8243.81 0.46519602603439
8248.81 0.45839610053874
8253.81 0.4472966092037
8258.81 0.43549318858091
8263.81 0.42729624810441
8268.81 0.4187753182581
8273.81 0.40280442791585
8278.81 0.3851907009074
8283.81 0.37527597444554
8288.81 0.36901517235913
8293.81 0.35774233425094
8298.81 0.34552503454263
8303.81 0.33480297287296
8308.81 0.3242427763502
8313.81 0.31157013771594
8318.81 0.30004737119358
8323.81 0.2912527627253
8328.81 0.28404747025983
8333.81 0.27251009391467
8338.81 0.26144999944377
8343.81 0.25126942370113
8348.81 0.24180876766477
8353.81 0.22921779975545
8358.81 0.21665678722
8363.81 0.20438917506998
8368.81 0.19258762670042
8373.81 0.1788510317521
8378.81 0.16491640691573
8383.81 0.15242780898045
8388.81 0.13974466662502
8393.81 0.12619155192741
8398.81 0.11375551904697
8403.81 0.10172678643144
8408.81 0.090779895969481
8413.81 0.07924974232786
8418.81 0.06967410496152
8423.81 0.060313455883947
8428.81 0.052515022445595
8433.81 0.044946357163344
8438.81 0.038469847935647
8443.81 0.032216277965747
8448.81 0.027265521554141
8453.81 0.022448085401627
8458.81 0.01860503206714
8463.81 0.015095166421907
8468.81 0.01233757961836
8473.81 0.0099394804948991
8478.81 0.0077740031345982
8483.81 0.00602518500325
8488.81 0.0047002214475329
8493.81 0.0035856571640221
8498.81 0.0028079122439282
8503.81 0.0021672217804824
8508.81 0.001700386366945
8513.81 0.0013011927846187
8518.81 0.00099554914414044
8523.81 0.00077079499742517
8528.81 0.0005968492431787
8533.81 0.00044975549735626
