A normalised
8055.0 6.198385499999999135e-04
8060.0 6.879240000000000224e-04
8065.0 6.871384999999999603e-04
8070.0 7.549883000000000505e-04
8075.0 8.226809999999999115e-04
8080.0 8.217383999999999453e-04
8085.0 8.891954500000000044e-04
8090.0 8.881742999999999236e-04
8095.0 9.553956999999999641e-04
8100.0 1.022459999999999992e-03
8105.0 1.021281750000000007e-03
8110.0 1.088110400000000125e-03
8115.0 1.154781950000000014e-03
8120.0 1.221296400000000107e-03
8125.0 1.287653749999999970e-03
8130.0 1.353854000000000038e-03
8135.0 1.487511300000000057e-03
8140.0 1.553318800000000202e-03
8145.0 1.686426249999999852e-03
8150.0 1.819219500000000345e-03
8155.0 1.884398600000000007e-03
8160.0 2.083863400000000171e-03
8165.0 2.282856899999999647e-03
8170.0 2.481379100000000171e-03
8175.0 2.679430000000000006e-03
8180.0 2.943916800000000254e-03
8185.0 3.207775199999999584e-03
8190.0 3.471005199999999732e-03
8195.0 3.800278350000000152e-03
8200.0 4.128765999999999860e-03
8205.0 4.522982600000000249e-03
8210.0 4.916256600000000129e-03
8215.0 5.374945350000000233e-03
8220.0 5.898813199999999347e-03
8225.0 6.487624500000000599e-03
8230.0 7.075021899999998920e-03
8235.0 7.859134850000001199e-03
8240.0 8.575397999999999701e-03
8245.0 9.487591200000001015e-03
8250.0 1.046339249999999992e-02
8255.0 1.163402415000000176e-02
8260.0 1.286747839999999830e-02
8265.0 1.422909145000000007e-02
8270.0 1.584937859999999837e-02
8275.0 1.766198249999999942e-02
8280.0 1.966619619999999957e-02
8285.0 2.192657039999999780e-02
8290.0 2.444216249999999965e-02
8295.0 2.740733155000000046e-02
8300.0 3.062536200000000319e-02
8305.0 3.422519814999999688e-02
8310.0 3.840002080000000373e-02
8315.0 4.301813639999999689e-02
8320.0 4.833672660000000454e-02
8325.0 5.428857000000000127e-02
8330.0 6.093586080000000516e-02
8335.0 6.879178404999999885e-02
8340.0 7.714353280000001145e-02
8345.0 8.669668739999999985e-02
8350.0 9.776795300000001854e-02
8355.0 1.096459365499999894e-01
8360.0 1.227120510000000164e-01
8365.0 1.381138342999999880e-01
8370.0 1.544362767999999941e-01
8375.0 1.725696562499999809e-01
8380.0 1.918694867999999887e-01
8385.0 2.129681575999999854e-01
8390.0 2.359860510000000022e-01
8395.0 2.598993890500000403e-01
8400.0 2.838797740000000291e-01
8405.0 3.097011631500000139e-01
8410.0 3.352677882999999803e-01
8415.0 3.619078787500000227e-01
8420.0 3.873442679999999916e-01
8425.0 4.118964890000000323e-01
8430.0 4.367012397999999740e-01
8435.0 4.584864823500000575e-01
8440.0 4.789595023999999590e-01
8445.0 4.980622689000000491e-01
8450.0 5.141704274999999713e-01
8455.0 5.298611187000000777e-01
8460.0 5.421978615999999418e-01
8465.0 5.528787515999999957e-01
8470.0 5.622840234000000548e-01
8475.0 5.703561172500000165e-01
8480.0 5.755451268000000287e-01
8485.0 5.800980553499999193e-01
8490.0 5.835829996999999381e-01
8495.0 5.861898415500000903e-01
8500.0 5.874268400000000057e-01
8505.0 5.883498040000000318e-01
8510.0 5.880957911999999954e-01
8515.0 5.885186094499998966e-01
8520.0 5.883843506000000501e-01
8525.0 5.894782657499999523e-01
8530.0 5.879883025000000041e-01
8535.0 5.879721480499999764e-01
8540.0 5.874640956000000136e-01
8545.0 5.854260884999998860e-01
8550.0 5.859573495000000021e-01
8555.0 5.843497531499999287e-01
8560.0 5.843287286000000691e-01
8565.0 5.833320772500000251e-01
8570.0 5.823968346000000240e-01
8575.0 5.812192562500000381e-01
8580.0 5.808915023999999816e-01
8585.0 5.806837381499999617e-01
8590.0 5.791443057999999811e-01
8595.0 5.802639679500000147e-01
8600.0 5.792076360000000257e-01
8605.0 5.791760072000000648e-01
8610.0 5.780597589999999508e-01
8615.0 5.783261404500000813e-01
8620.0 5.774499499999999896e-01
8625.0 5.783116449999999853e-01
8630.0 5.779125065999999311e-01
8635.0 5.767953157999999858e-01
8640.0 5.756790675999999829e-01
8645.0 5.750405784000000020e-01
8650.0 5.719017879999999110e-01
8655.0 5.744759968000000550e-01
8660.0 5.723514623999998996e-01
8665.0 5.724241917500000332e-01
8670.0 5.706000240999999917e-01
8675.0 5.696656454999999841e-01
8680.0 5.687907903999999126e-01
8685.0 5.698034062999999261e-01
8690.0 5.689855610999999813e-01
8695.0 5.686384053999999910e-01
8700.0 5.695236479999999935e-01
8705.0 5.691726433500000626e-01
8710.0 5.685276344999999898e-01
8715.0 5.668292691499998703e-01
8720.0 5.667108600000000385e-01
8725.0 5.623315194999999322e-01
8730.0 5.626815219000000923e-01
8735.0 5.615156474999999370e-01
8740.0 5.627333664000000457e-01
8745.0 5.590711356999999992e-01
8750.0 5.580825750000000252e-01
8755.0 5.590623569999999543e-01
8760.0 5.554137940000000162e-01
8765.0 5.530428566999999740e-01
8770.0 5.528665736000000219e-01
8775.0 5.526311597499999895e-01
8780.0 5.517045576000000340e-01
8785.0 5.519264797499999764e-01
8790.0 5.522603794000000565e-01
8795.0 5.531065040999999516e-01
8800.0 5.522903869999999937e-01
8805.0 5.514744270000000448e-01
8810.0 5.507726439000000251e-01
8815.0 5.501276350500000634e-01
8820.0 5.491980479999999387e-01
8825.0 5.482689322500000628e-01
8830.0 5.476237662999998701e-01
8835.0 5.469216690000000547e-01
8840.0 5.459932601999999413e-01
8845.0 5.451217827500001167e-01
8850.0 5.447016714999999287e-01
8855.0 5.437175881500000418e-01
8860.0 5.430714795999999067e-01
8865.0 5.422004734499999978e-01
8870.0 5.414979833999999936e-01
8875.0 5.404594037500000114e-01
8880.0 5.399807115999999407e-01
8885.0 5.391662440500000208e-01
8890.0 5.385191928999999433e-01
8895.0 5.374821056999999902e-01
8900.0 5.368905720000000104e-01
8905.0 5.360209797500000706e-01
8910.0 5.353734572999999664e-01
8915.0 5.343934585499999779e-01
8920.0 5.335246517999999716e-01
8925.0 5.329321754999999383e-01
8930.0 5.319533550000000721e-01
8935.0 5.313054397999998901e-01
8940.0 5.303274048000000684e-01
8945.0 5.297342215499999396e-01
8950.0 5.287020830000001004e-01
8955.0 5.279443897000000163e-01
8960.0 5.270773896000000569e-01
8965.0 5.264835779500000035e-01
8970.0 5.253443319999999694e-01
8975.0 5.245871099999999121e-01
8980.0 5.236668704000000396e-01
8985.0 5.229098840499999401e-01
8990.0 5.219903514000000522e-01
8995.0 5.212336007000000215e-01
9000.0 5.202067249999999810e-01
9005.0 5.180685813750000035e-01
9010.0 5.160920909999999751e-01
9015.0 5.138482170000000515e-01
9020.0 5.118719375000000404e-01
9025.0 5.096303831249999750e-01
9030.0 5.075487950000000525e-01
9035.0 5.051523353750000389e-01
9040.0 5.032298699999999680e-01
9045.0 5.012544339999999155e-01
9050.0 4.990709112499999711e-01
9055.0 4.969920644999999970e-01
9060.0 4.947591559999999777e-01
9065.0 4.927330689999999680e-01
9070.0 4.905026909999999907e-01
9075.0 4.885791712499999995e-01
9080.0 4.862496000000000040e-01
9085.0 4.842252000000000223e-01
9090.0 4.822007999999999850e-01
9095.0 4.803264551250000514e-01
9100.0 4.781021924999999673e-01
9105.0 4.758796168750000222e-01
9110.0 4.739550427499999996e-01
9115.0 4.719312753750000144e-01
9120.0 4.698585440000000446e-01
9125.0 4.675912218750000182e-01
9130.0 4.659570577499999589e-01
9135.0 4.636428803750000105e-01
9140.0 4.617161974999999807e-01
9145.0 4.593574844999999685e-01
9150.0 4.577649037500000073e-01
9155.0 4.555986727500000444e-01
9160.0 4.537646459999999937e-01
9165.0 4.514112048750000272e-01
9170.0 4.497635447499999661e-01
9175.0 4.475061337499999792e-01
9180.0 4.458080334999999783e-01
9185.0 4.434598642500000021e-01
9190.0 4.418508352500000180e-01
9195.0 4.398716035000000413e-01
9200.0 4.378007700000000058e-01
9205.0 4.358211164999999943e-01
9210.0 4.339313777500000135e-01
9215.0 4.320403737499999841e-01
9220.0 4.298796254999999733e-01
9225.0 4.278537493749999809e-01
9230.0 4.260051722500000082e-01
9235.0 4.241549081250000075e-01
9240.0 4.220395390000000746e-01
9245.0 4.201434739999999612e-01
9250.0 4.182461437499999657e-01
9255.0 4.162610075000000021e-01
9260.0 4.141893305000000081e-01
9265.0 4.122466211249999901e-01
9270.0 4.104736192499999770e-01
9275.0 4.084010987499999690e-01
9280.0 4.062867840000000119e-01
9285.0 4.044673486250000005e-01
9290.0 4.024786274999999636e-01
9295.0 4.005310679999999901e-01
9300.0 3.983758024999999869e-01
9305.0 3.965510952500000408e-01
9310.0 3.944785747500000328e-01
9315.0 3.925694355000000080e-01
9320.0 3.904158569999999773e-01
9325.0 3.886264068749999967e-01
9330.0 3.864734610000000181e-01
9335.0 3.846409513749999842e-01
9340.0 3.822904214999999772e-01
9345.0 3.806932834999999793e-01
9350.0 3.784240224999999569e-01
9355.0 3.764306621249999818e-01
9360.0 3.742815119999999829e-01
9365.0 3.724426761249999829e-01
9370.0 3.702943694999999980e-01
9375.0 3.682237468750000353e-01
9380.0 3.661535459999999964e-01
9385.0 3.641593421250000073e-01
9390.0 3.620895630000000587e-01
9395.0 3.598707421249999761e-01
9400.0 3.579884249999999990e-01
9405.0 3.558088678749999900e-01
9410.0 3.538513972500000326e-01
9415.0 3.515643817499999879e-01
9420.0 3.497523679999999247e-01
9425.0 3.476490187499999829e-01
9430.0 3.455106232499999819e-01
9435.0 3.433734929999999741e-01
9440.0 3.414149679999999853e-01
9445.0 3.394555994999999826e-01
9450.0 3.371799712499999879e-01
9455.0 3.352208136250000581e-01
9460.0 3.332608125000000587e-01
9465.0 3.311623133750000725e-01
9470.0 3.290988604999999789e-01
9475.0 3.270698212500000035e-01
9480.0 3.251421250000000041e-01
9485.0 3.230117427499999971e-01
9490.0 3.208826257499999279e-01
9495.0 3.188542191249999491e-01
9500.0 3.169905000000000084e-01
9505.0 3.147319526249999777e-01
9510.0 3.128015149999999744e-01
9515.0 3.106436779999999787e-01
9520.0 3.088405620000000407e-01
9525.0 3.065881300000000143e-01
9530.0 3.045286837500000288e-01
9535.0 3.025955047500000217e-01
9540.0 3.005360584999999807e-01
9545.0 2.984770339999999744e-01
9550.0 2.962951162499999902e-01
9555.0 2.945439575000000088e-01
9560.0 2.923328979999999522e-01
9565.0 2.904263302499999755e-01
9570.0 2.882482082499999709e-01
9575.0 2.864294874999999685e-01
9580.0 2.841939254999999998e-01
9585.0 2.823135472499999632e-01
9590.0 2.801687844999999899e-01
9595.0 2.783150174999999837e-01
9600.0 2.761715200000000037e-01
9605.0 2.742007642499999509e-01
9610.0 2.721442702499999866e-01
9615.0 2.701162853749999870e-01
9620.0 2.681161769999999556e-01
9625.0 2.660879812499999941e-01
9630.0 2.640048759999999994e-01
9635.0 2.621678091250000397e-01
9640.0 2.600033939999999433e-01
9645.0 2.579751982499999818e-01
9650.0 2.558937799999999596e-01
9655.0 2.540772089999999706e-01
9660.0 2.518382319999999952e-01
9665.0 2.499143724999999816e-01
9670.0 2.479888260000000233e-01
9675.0 2.460104787500000112e-01
9680.0 2.439552499999999569e-01
9685.0 2.419004429999999928e-01
9690.0 2.399208304999999875e-01
9695.0 2.378909477499999980e-01
9700.0 2.358120599999999900e-01
9705.0 2.338554738749999973e-01
9710.0 2.317772187500000136e-01
9715.0 2.297952866249999559e-01
9720.0 2.276942159999999771e-01
9725.0 2.257585474999999620e-01
9730.0 2.236585312499999867e-01
9735.0 2.218130703750000043e-01
9740.0 2.196676340000000005e-01
9745.0 2.177051433749999931e-01
9750.0 2.155846312499999640e-01
9755.0 2.136432691249999516e-01
9760.0 2.116123319999999586e-01
9765.0 2.095596337499999740e-01
9770.0 2.075720079999999745e-01
9775.0 2.054555024999999979e-01
9780.0 2.035308405000000043e-01
9785.0 2.014158111250000105e-01
9790.0 1.994267092499999450e-01
9795.0 1.973342844999999568e-01
9800.0 1.954054049999999765e-01
9805.0 1.932335272499999812e-01
9810.0 1.913824137500000078e-01
9815.0 1.892130664999999989e-01
9820.0 1.872799695000000042e-01
9825.0 1.851716881249999558e-01
9830.0 1.832172517499999764e-01
9835.0 1.810918484999999578e-01
9840.0 1.791173379999999593e-01
9845.0 1.770496266249999839e-01
9850.0 1.750191112499999979e-01
9855.0 1.729167343749999919e-01
9860.0 1.709758349999999372e-01
9865.0 1.688573906249999645e-01
9870.0 1.668103859999999772e-01
9875.0 1.648322906249999886e-01
9880.0 1.627852859999999735e-01
9885.0 1.607387031249999931e-01
9890.0 1.586760527500000184e-01
9895.0 1.566305242500000139e-01
9900.0 1.546336199999999717e-01
9905.0 1.525248758749999656e-01
9910.0 1.505590522499999917e-01
9915.0 1.484217579999999870e-01
9920.0 1.464396559999999736e-01
9925.0 1.443361837499999856e-01
9930.0 1.423236337500000115e-01
9935.0 1.402814792499999519e-01
9940.0 1.382109854999999665e-01
9945.0 1.361984354999999647e-01
9950.0 1.341156699999999646e-01
9955.0 1.321308266249999752e-01
9960.0 1.300499589999999928e-01
9965.0 1.280507351249999815e-01
9970.0 1.259719762499999507e-01
9975.0 1.239723306249999601e-01
9980.0 1.218575999999999548e-01
9985.0 1.199330609999999658e-01
9990.0 1.177842564999999758e-01
9995.0 1.158326434999999849e-01
10000.0 1.137125999999999970e-01
10005.0 1.132147815000000002e-01
10010.0 1.125285479999999921e-01
10015.0 1.120419277499999922e-01
10020.0 1.114267349999999990e-01
10025.0 1.108582312499999944e-01
10030.0 1.102552440000000022e-01
10035.0 1.096869180000000082e-01
10040.0 1.091185920000000004e-01
10045.0 1.085163157499999947e-01
10050.0 1.079706824999999842e-01
10055.0 1.073688210000000032e-01
10060.0 1.068118709999999888e-01
10065.0 1.062104834999999942e-01
10070.0 1.056645539999999939e-01
10075.0 1.050964650000000000e-01
10080.0 1.044956699999999988e-01
10085.0 1.039386014999999913e-01
10090.0 1.033814145000000045e-01
10095.0 1.028026604999999899e-01
10100.0 1.022133600000000031e-01
10105.0 1.016349022500000060e-01
10110.0 1.010882024999999879e-01
10115.0 1.005412657499999973e-01
10120.0 9.996280800000000022e-02
10125.0 9.934299374999998322e-02
10130.0 9.882686699999999880e-02
10135.0 9.824864625000000184e-02
10140.0 9.771130799999999672e-02
10145.0 9.707229674999998115e-02
10150.0 9.658520249999999474e-02
10155.0 9.599702775000000521e-02
10160.0 9.542899799999998711e-02
10165.0 9.481149449999999590e-02
10170.0 9.431260949999999144e-02
10175.0 9.370535625000001034e-02
10180.0 9.315687899999999799e-02
10185.0 9.255987599999999926e-02
10190.0 9.206881199999998600e-02
10195.0 9.150048599999999199e-02
10200.0 9.093215999999999799e-02
10205.0 9.033557174999999606e-02
10210.0 8.981423100000000825e-02
10215.0 8.924578649999999336e-02
10220.0 8.870507099999999645e-02
10225.0 8.809971374999998883e-02
10230.0 8.756782649999998724e-02
10235.0 8.701733474999999440e-02
10240.0 8.644859400000000360e-02
10245.0 8.586195974999999425e-02
10250.0 8.534666250000000343e-02
10255.0 8.476885650000000327e-02
10260.0 8.420870699999999376e-02
10265.0 8.363972925000000280e-02
10270.0 8.308805249999999532e-02
10275.0 8.252754750000000639e-02
10280.0 8.195839199999999103e-02
10285.0 8.141465474999999563e-02
10290.0 8.085373499999998215e-02
10295.0 8.028434249999999439e-02
10300.0 7.973154000000000352e-02
10305.0 7.916202900000000875e-02
10310.0 7.861704750000000907e-02
10315.0 7.804735874999998990e-02
10320.0 7.749378599999999506e-02
10325.0 7.691597999999999491e-02
10330.0 7.637798999999999283e-02
10335.0 7.578436424999999976e-02
10340.0 7.525366200000001282e-02
10345.0 7.465251150000000446e-02
10350.0 7.412115750000000669e-02
10355.0 7.353570824999998423e-02
10360.0 7.298841600000000041e-02
10365.0 7.241819399999999129e-02
10370.0 7.184050649999999816e-02
10375.0 7.129996874999999790e-02
10380.0 7.070752799999999172e-02
10385.0 7.016645700000000152e-02
10390.0 6.956708399999998738e-02
10395.0 6.902553899999999687e-02
10400.0 6.841953000000000618e-02
10405.0 6.789167174999999332e-02
10410.0 6.730017900000000164e-02
10415.0 6.675063524999999554e-02
10420.0 6.614575200000000210e-02
10425.0 6.560959874999998387e-02
10430.0 6.501206249999999520e-02
10435.0 6.445517174999999821e-02
10440.0 6.387149999999999772e-02
10445.0 6.331437225000000057e-02
10450.0 6.274397249999999482e-02
10455.0 6.216065624999998762e-02
10460.0 6.158397599999999167e-02
10465.0 6.101375399999999644e-02
10470.0 6.044353200000000120e-02
10475.0 5.984842499999999677e-02
10480.0 5.929076399999999580e-02
10485.0 5.872066050000000065e-02
10490.0 5.815055699999999855e-02
10495.0 5.756250074999999522e-02
10500.0 5.699849999999999361e-02
10505.0 5.642264924999999126e-02
10510.0 5.584111049999999909e-02
10515.0 5.524831424999999963e-02
10520.0 5.467874400000000135e-02
10525.0 5.412043124999999649e-02
10530.0 5.352846449999999062e-02
10535.0 5.294248199999999904e-02
10540.0 5.238956100000000116e-02
10545.0 5.180393399999999593e-02
10550.0 5.122932749999999785e-02
10555.0 5.062320000000000014e-02
10560.0 5.008568399999999143e-02
10565.0 4.948559999999999764e-02
10570.0 4.891170450000000003e-02
10575.0 4.831274625000000350e-02
10580.0 4.776924599999999438e-02
10585.0 4.717105800000000182e-02
10590.0 4.659787349999999773e-02
10595.0 4.600561049999999513e-02
10600.0 4.545185999999999671e-02
10605.0 4.486030800000000152e-02
10610.0 4.428321299999999489e-02
10615.0 4.371091724999999484e-02
10620.0 4.313423699999999888e-02
10625.0 4.256668125000000191e-02
10630.0 4.198597199999999641e-02
10635.0 4.141426874999999674e-02
10640.0 4.083841800000000827e-02
10645.0 4.026280424999999219e-02
10650.0 3.967913249999999864e-02
10655.0 3.912864074999999886e-02
10660.0 3.853738499999999345e-02
10665.0 3.797065874999999702e-02
10670.0 3.738046949999999924e-02
10675.0 3.682565250000000706e-02
10680.0 3.623635199999999251e-02
10685.0 3.567389174999999885e-02
10690.0 3.509661900000000251e-02
10695.0 3.452693024999999721e-02
10700.0 3.395380499999999663e-02
10705.0 3.339489975000000527e-02
10710.0 3.281170199999999121e-02
10715.0 3.224260575000000018e-02
10720.0 3.168026399999999965e-02
10725.0 3.111454500000000387e-02
10730.0 3.053922749999999492e-02
10735.0 2.997054600000000069e-02
10740.0 2.939582100000000253e-02
10745.0 2.883051674999999314e-02
10750.0 2.825632499999999880e-02
10755.0 2.769410175000000182e-02
10760.0 2.711469599999999369e-02
10765.0 2.655816074999999693e-02
10770.0 2.598219150000000144e-02
10775.0 2.541736125000000623e-02
10780.0 2.484731699999999377e-02
10785.0 2.428770075000000195e-02
10790.0 2.371291650000000376e-02
10795.0 2.316289874999999387e-02
10800.0 2.259084000000000092e-02
10805.0 2.203762275000000284e-02
10810.0 2.146354949999999470e-02
10815.0 2.090310374999999887e-02
10820.0 2.033602200000000221e-02
10825.0 1.977528000000000619e-02
10830.0 1.920624299999999784e-02
10835.0 1.864330875000000040e-02
10840.0 1.807646400000000389e-02
10845.0 1.751157449999999477e-02
10850.0 1.695379499999999720e-02
10855.0 1.638179550000000428e-02
10860.0 1.582354199999999253e-02
10865.0 1.525201649999999819e-02
10870.0 1.469328900000000174e-02
10875.0 1.412371875000000693e-02
10880.0 1.356587999999999544e-02
10885.0 1.299927225000000082e-02
10890.0 1.243799700000000445e-02
10895.0 1.187014499999999514e-02
10900.0 1.131200999999999908e-02
10905.0 1.074640950000000338e-02
10910.0 1.018187549999999449e-02
10915.0 9.616215749999998744e-03
10920.0 9.052452000000002497e-03
10925.0 8.489340000000006672e-03
10930.0 7.925042999999997936e-03
10935.0 7.359738750000000690e-03
10940.0 6.794316000000005101e-03
10945.0 6.230078249999995536e-03
10950.0 5.663707499999999333e-03
10955.0 5.097336750000003996e-03
10960.0 4.532387999999994838e-03
10965.0 3.966668999999998189e-03
10970.0 3.400357500000002458e-03
10975.0 2.833927500000006650e-03
10980.0 2.268089999999997348e-03
10985.0 1.700889750000001257e-03
10990.0 1.134519000000005270e-03
10995.0 5.672594999999960213e-04
11000.0 0.000000000000000000e+00
11005.0 0.000000000000000000e+00
11010.0 0.000000000000000000e+00
