A normalised
3200.2002002002 0.0
3208.208208208208 0.0
3216.2162162162163 0.0
3224.224224224224 0.0
3232.232232232232 0.0
3240.2402402402404 0.0
3248.2482482482483 0.0
3256.256256256256 0.0
3264.264264264264 0.0
3272.272272272272 0.0
3280.2802802802803 0.0
3288.288288288288 0.0
3296.296296296296 0.0
3304.3043043043044 0.0
3312.3123123123123 0.0
3320.32032032032 0.0
3328.328328328328 0.0
3336.336336336336 0.0
3344.3443443443443 0.0
3352.352352352352 0.0
3360.36036036036 0.0
3368.3683683683685 0.0
3376.3763763763764 0.0
3384.3843843843842 0.0
3392.392392392392 0.0
3400.4004004004 0.0
3408.4084084084084 0.0
3416.4164164164163 0.0
3424.424424424424 0.0
3432.4324324324325 0.0
3440.4404404404404 0.0
3448.4484484484483 0.0
3456.456456456456 0.0
3464.464464464464 0.0
3472.4724724724724 0.0
3480.4804804804803 0.0
3488.488488488488 0.0
3496.4964964964965 0.0
3504.5045045045044 0.0
3512.5125125125123 0.0
3520.52052052052 0.0
3528.528528528528 0.0
3536.5365365365365 0.0
3544.5445445445444 0.0
3552.5525525525522 0.0
3560.5605605605606 0.0
3568.5685685685685 0.0
3576.5765765765764 0.0
3584.5845845845843 0.0
3592.592592592592 0.0
3600.600600600601 0.0
3608.6086086086084 0.0
3616.6166166166167 0.0
3624.6246246246246 0.0
3632.632632632633 0.0
3640.6406406406404 0.0
3648.648648648649 0.0
3656.656656656656 0.0
3664.664664664665 0.0
3672.6726726726724 0.0
3680.680680680681 0.0
3688.6886886886887 0.0
3696.696696696697 0.0
3704.7047047047045 0.0
3712.7127127127133 0.0
3720.7207207207202 0.0
3728.728728728729 0.0
3736.7367367367365 0.0
3744.744744744745 0.0
3752.7527527527527 0.0
3760.760760760761 0.0
3768.7687687687685 0.0
3776.7767767767773 0.0
3784.7847847847843 0.0
3792.792792792793 0.0
3800.8008008008005 0.0
3808.808808808809 0.0
3816.8168168168168 0.0
3824.824824824825 0.0
3832.8328328328325 0.0
3840.8408408408413 0.0
3848.8488488488483 0.0
3856.856856856857 0.0
3864.864864864865 0.0
3872.872872872873 0.0
3880.8808808808813 0.0
3888.888888888889 0.0
3896.896896896897 0.0
3904.9049049049054 0.0
3912.9129129129133 0.0
3920.920920920921 0.0
3928.928928928929 0.0
3936.936936936937 0.0
3944.9449449449453 0.0
3952.952952952953 0.0
3960.960960960961 0.0
3968.9689689689694 0.0
3976.9769769769773 0.0
3984.984984984985 0.0
3992.992992992993 0.0
4001.001001001001 0.0
4009.0090090090093 0.0
4017.017017017017 0.0
4025.025025025025 0.0
4033.0330330330335 0.0
4041.0410410410414 0.0
4049.0490490490492 0.0
4057.057057057057 0.0
4065.065065065065 0.0
4073.0730730730734 0.0
4081.0810810810813 0.0
4089.089089089089 0.0
4097.0970970970975 0.0
4105.105105105105 0.0
4113.113113113113 0.0
4121.121121121121 0.0
4129.129129129129 0.0
4137.137137137137 0.0
4145.145145145145 0.0
4153.153153153154 0.0
4161.1611611611615 0.0
4169.169169169169 0.0
4177.177177177177 0.0
4185.185185185185 0.0
4193.193193193193 0.0
4201.201201201201 0.0
4209.20920920921 0.0
4217.217217217218 0.0
4225.225225225226 0.0
4233.2332332332335 0.0
4241.241241241241 0.0
4249.249249249249 0.0
4257.257257257257 0.0
4265.265265265265 0.0
4273.273273273273 0.0
4281.281281281282 0.0
4289.28928928929 0.0
4297.2972972972975 0.0
4305.305305305305 0.0
4313.313313313313 0.0
4321.321321321321 0.0
4329.329329329329 0.0
4337.337337337338 0.0
4345.345345345346 0.0
4353.353353353354 0.0
4361.361361361362 0.0
4369.369369369369 0.0
4377.377377377377 0.0
4385.385385385385 0.0
4393.393393393393 0.0
4401.401401401401 0.0
4409.40940940941 0.0
4417.417417417418 0.0
4425.425425425426 0.0
4433.4334334334335 0.0
4441.441441441441 0.0
4449.449449449449 0.0
4457.457457457457 0.0
4465.465465465466 0.0
4473.473473473474 0.0
4481.481481481482 0.0
4489.48948948949 0.0
4497.4974974974975 0.0
4505.505505505505 0.0
4513.513513513513 0.0
4521.521521521521 0.0
4529.529529529529 0.0
4537.537537537538 0.0
4545.545545545546 0.0
4553.553553553554 0.0
4561.561561561562 0.0
4569.5695695695695 0.0
4577.577577577577 0.0
4585.585585585585 0.0
4593.593593593594 0.0
4601.601601601602 0.0
4609.60960960961 0.0
4617.617617617618 0.0
4625.625625625626 0.0
4633.6336336336335 0.0
4641.641641641641 0.0
4649.649649649649 0.0
4657.657657657657 0.0
4665.665665665666 0.0
4673.673673673674 0.0
4681.681681681682 0.0
4689.68968968969 0.0
4697.697697697698 0.0
4705.705705705705 0.0
4713.713713713714 0.0
4721.721721721722 0.0
4729.72972972973 0.0
4737.737737737738 0.0
4745.745745745746 0.0
4753.753753753754 0.0
4761.7617617617625 0.0
4769.7697697697695 0.0
4777.777777777778 0.0
4785.785785785785 0.0
4793.793793793794 0.0
4801.801801801802 0.0
4809.809809809811 0.0
4817.817817817818 0.0
4825.8258258258265 0.0
4833.8338338338335 0.0
4841.841841841842 0.0
4849.84984984985 0.0
4857.857857857858 0.0
4865.865865865866 0.0
4873.873873873874 0.0
4881.881881881882 0.0
4889.889889889891 0.0
4897.897897897898 0.0
4905.905905905906 0.0
4913.913913913913 0.0
4921.921921921922 0.0
4929.92992992993 0.0
4937.937937937939 0.0
4945.945945945946 0.0
4953.953953953955 0.0
4961.961961961962 0.0
4969.96996996997 0.0
4977.977977977978 0.0
4985.985985985986 0.0
4993.993993993994 0.0
5002.002002002002 0.0
5010.01001001001 0.0
5018.018018018019 0.0
5026.026026026026 0.0
5034.034034034034 0.0
5042.042042042041 0.0
5050.05005005005 0.0
5058.058058058058 0.0
5066.066066066067 0.0
5074.074074074074 0.0
5082.082082082083 0.0
5090.09009009009 0.0
5098.0980980980985 0.0
5106.106106106106 0.0
5114.114114114114 0.0
5122.122122122122 0.0
5130.13013013013 0.0
5138.138138138138 0.0
5146.146146146147 0.0
5154.154154154154 0.0
5162.1621621621625 0.0
5170.1701701701695 0.0
5178.178178178178 0.0
5186.186186186186 0.0
5194.194194194195 0.0
5202.202202202202 0.0
5210.210210210211 0.0
5218.218218218218 0.0
5226.226226226227 0.0
5234.2342342342345 0.0
5242.242242242242 0.0
5250.25025025025 0.0
5258.258258258258 0.0
5266.266266266266 0.0
5274.274274274275 0.0
5282.282282282282 0.0
5290.290290290291 0.0
5298.298298298298 0.0
5306.306306306306 0.0
5314.314314314314 0.0
5322.322322322323 0.0
5330.33033033033 0.0
5338.338338338339 0.0016178881798056923
5346.346346346346 0.005897593104671543
5354.354354354355 0.010177298029538002
5362.362362362363 0.0156479971786643
5370.37037037037 0.02874548200779438
5378.378378378378 0.038918839563310034
5386.386386386386 0.05178134769222154
5394.394394394394 0.06837007429112812
5402.402402402403 0.08542794570708144
5410.410410410412 0.10574218994412037
5418.418418418419 0.12486712132711443
5426.426426426426 0.14328071606172796
5434.4344344344345 0.1645345103012864
5442.442442442443 0.1972211331959248
5450.450450450451 0.2240377455339811
5458.458458458458 0.2446452452475538
5466.466466466467 0.2628339911782371
5474.474474474475 0.2969629183724591
5482.482482482483 0.3217474969618569
5490.490490490491 0.3430122808072851
5498.4984984984985 0.36530021900453846
5506.506506506507 0.39253048703229354
5514.514514514514 0.42055271265123634
5522.522522522522 0.4423680219703164
5530.530530530531 0.4625825245043682
5538.53853853854 0.4880830408288067
5546.546546546547 0.5129370027179989
5554.554554554554 0.5302229983910899
5562.562562562563 0.549180976474305
5570.570570570571 0.5646623535657922
5578.578578578579 0.5841739935768043
5586.586586586586 0.6071969557162096
5594.594594594595 0.618239310029409
5602.602602602603 0.6271570715210248
5610.610610610611 0.6382875554381886
5618.618618618619 0.6530874258879601
5626.626626626627 0.6612509407174197
5634.634634634635 0.6655663098499933
5642.642642642642 0.670363073434264
5650.65065065065 0.6757879337784793
5658.658658658659 0.680896044919726
5666.666666666668 0.6856966349834741
5674.674674674675 0.6905482529814609
5682.682682682682 0.6955811296611965
5690.690690690691 0.7006140063409328
5698.698698698699 0.7057551241786291
5706.706706706707 0.7129344580488362
5714.714714714714 0.7210894349644315
5722.722722722723 0.7275257099490935
5730.730730730731 0.7343225541416658
5738.738738738739 0.7414213280927319
5746.746746746747 0.7484494792979367
5754.754754754755 0.7564739260320608
5762.7627627627635 0.7637019708448753
5770.7707707707705 0.7694441853504155
5778.778778778778 0.7735114784499663
5786.786786786787 0.7770325404246695
5794.794794794796 0.7796353417371485
5802.802802802803 0.7808289955487062
5810.81081081081 0.7812089869028677
5818.818818818819 0.7807492529753918
5826.8268268268275 0.7796342303484706
5834.834834834835 0.7776726989245738
5842.842842842842 0.7760150405697176
5850.850850850851 0.7743639807979908
5858.858858858859 0.7727702365160746
5866.866866866867 0.7720431317131905
5874.874874874875 0.7718469785708009
5882.882882882883 0.7719947291499851
5890.890890890892 0.7727277090704183
5898.898898898899 0.7749910145595302
5906.906906906906 0.7775409425539241
5914.914914914915 0.7802236252366069
5922.922922922924 0.7840860551362995
5930.930930930931 0.7883434737091628
5938.938938938938 0.7914258802324293
5946.946946946947 0.7945082867556964
5954.954954954956 0.7987660435559517
5962.9629629629635 0.8019267451282289
5970.9709709709705 0.8030914044111677
5978.978978978979 0.8042560636941066
5986.986986986987 0.8045980936994158
5994.994994994995 0.8043178749245734
6003.003003003003 0.8040667253568258
6011.011011011011 0.8013960685818325
6019.01901901902 0.798079955565854
6027.027027027027 0.7935484498123652
6035.0350350350345 0.7887620333159634
6043.043043043043 0.7838219725774818
6051.051051051052 0.7787920707977024
6059.059059059059 0.7726622881755579
6067.067067067066 0.7684155922921608
6075.075075075075 0.7645894771569899
6083.083083083084 0.760994644801588
6091.091091091092 0.7575232936472276
6099.099099099099 0.7553016878081958
6107.107107107107 0.7539058334478034
6115.115115115115 0.7525083410916497
6123.123123123123 0.7526903794712375
6131.131131131131 0.7530061676285013
6139.139139139139 0.7553710629482887
6147.147147147148 0.7578685600282286
6155.155155155155 0.7606206577507407
6163.163163163163 0.7633749943905357
6171.171171171171 0.7661736914050714
6179.17917917918 0.769132652077567
6187.187187187187 0.7720940382437852
6195.195195195194 0.7742475809543944
6203.203203203203 0.7762032288078746
6211.211211211212 0.778160361657512
6219.21921921922 0.7794536728661041
6227.227227227227 0.779869410607334
6235.235235235235 0.7802851978484358
6243.243243243243 0.7806087469016019
6251.251251251251 0.77947838134655
6259.259259259259 0.7783466297950847
6267.267267267267 0.7772134922472062
6275.275275275276 0.7757548540432923
6283.283283283283 0.7742698061363414
6291.291291291291 0.7727830488338143
6299.2992992992995 0.7711249018534551
6307.307307307308 0.7690990908491065
6315.315315315315 0.7670710748504644
6323.323323323322 0.7662104187100361
6331.331331331331 0.7659300730149313
6339.33933933934 0.7656491409367286
6347.347347347348 0.7663963367764847
6355.355355355355 0.7680295228049269
6363.3633633633635 0.7696638894969805
6371.371371371371 0.7716709115862982
6379.379379379379 0.7746048935779818
6387.387387387387 0.7775412515635168
6395.395395395395 0.7811625862089765
6403.403403403404 0.7850049560405463
6411.411411411411 0.7892644242085727
6419.41941941942 0.7935300309769842
6427.4274274274285 0.7973224153195695
6435.435435435436 0.8011179496540027
6443.443443443443 0.8051211954446005
6451.451451451452 0.8093350008577853
6459.45945945946 0.8135523342618405
6467.467467467468 0.8171726479474508
6475.475475475476 0.8206882040556771
6483.483483483484 0.8242066387718392
6491.4914914914925 0.8270675323186458
6499.4994994994995 0.8296704201987452
6507.507507507507 0.8322753437610766
6515.515515515516 0.8348823030056404
6523.523523523525 0.8361157238363227
6531.531531531532 0.8371340398157459
6539.539539539539 0.8381529370194714
6547.547547547548 0.8390399498353521
6555.555555555557 0.8390545575002882
6563.5635635635645 0.8390688291660937
6571.571571571571 0.8390827648327689
6579.57957957958 0.8388812214955237
6587.587587587588 0.8375356835815579
6595.595595595596 0.8361885723743667
6603.603603603604 0.8348398878739496
6611.611611611612 0.8334896300803064
6619.619619619621 0.830852716199281
6627.627627627628 0.8276709215748974
6635.6356356356355 0.8241745400055522
6643.643643643644 0.8192048130031839
6651.651651651653 0.8144280355309428
6659.65965965966 0.8098532288972065
6667.667667667667 0.804019145457672
6675.675675675676 0.7967704822082277
6683.683683683685 0.7908189186994796
6691.6916916916925 0.78484245946338
6699.6996996996995 0.7787791629690087
6707.707707707708 0.7727100584896667
6715.715715715716 0.7638650241297994
6723.723723723724 0.7546879544695473
6731.731731731732 0.7494025460914259
6739.73973973974 0.744112055726455
6747.747747747749 0.7367997075711035
6755.755755755756 0.728583858875324
6763.763763763764 0.7237151105496166
6771.771771771772 0.7188416762360349
6779.779779779781 0.713895757189207
6787.787787787788 0.7088701761932662
6795.795795795795 0.7044620760417117
6803.803803803804 0.7027481463940844
6811.811811811813 0.7010323897511851
6819.819819819821 0.7001603751474464
6827.827827827828 0.7004823350797118
6835.835835835836 0.7017402197673209
6843.843843843844 0.7033861486414421
6851.851851851852 0.706963200470289
6859.85985985986 0.710543178291564
6867.867867867868 0.7161874555671286
6875.875875875877 0.7218368029004829
6883.883883883884 0.7273664331240318
6891.891891891892 0.7328756754667503
6899.8998998999 0.7384588534907262
6907.907907907909 0.7450741875430821
6915.915915915916 0.7516951425808909
6923.923923923923 0.7597410461012509
6931.931931931932 0.7668027087841759
6939.939939939941 0.7715286450865763
6947.947947947949 0.776496502981535
6955.955955955956 0.7820696310950437
6963.9639639639645 0.7860727709350621
6971.971971971972 0.7892581176736791
6979.97997997998 0.7912854408072862
6987.987987987988 0.7916973930086674
6995.995995995996 0.7917750211935369
7004.004004004005 0.7899564131973446
7012.012012012012 0.787356401389611
7020.02002002002 0.783330863470755
7028.0280280280285 0.778413400039133
7036.036036036037 0.7740214021226828
7044.044044044044 0.7698693631660313
7052.052052052051 0.7657533214492427
7060.06006006006 0.7617244960213021
7068.068068068069 0.7579045980688189
7076.076076076077 0.7544639280049329
7084.084084084084 0.7510871079137311
7092.092092092093 0.7485817848787865
7100.1001001001005 0.7467682804795596
7108.108108108108 0.746923140047579
7116.116116116116 0.7470775619325206
7124.124124124124 0.7494166545158667
7132.132132132133 0.7521271246243043
7140.14014014014 0.7552878814565954
7148.148148148148 0.7586857299532482
7156.156156156157 0.7631905288713067
7164.164164164165 0.7659349826941895
7172.172172172172 0.7684047597059217
7180.180180180179 0.7699575653256191
7188.188188188188 0.7695330263561387
7196.196196196197 0.7681085564116596
7204.204204204205 0.7644009747373244
7212.212212212212 0.7533331249356641
7220.220220220221 0.741585678298108
7228.2282282282285 0.7258713366802843
7236.236236236236 0.7061672462529757
7244.244244244244 0.6868515531135666
7252.252252252252 0.6474922309503377
7260.260260260261 0.6064130807243027
7268.268268268268 0.5796697064001015
7276.276276276276 0.5478596956659918
7284.284284284285 0.512614728942792
7292.2922922922935 0.47527311699151326
7300.3003003003005 0.42061026625388287
7308.3083083083075 0.38612433303546223
7316.316316316316 0.3567850579328494
7324.324324324325 0.33597361485408667
7332.332332332333 0.30910653474349836
7340.34034034034 0.28909938396104184
7348.348348348349 0.2677408902356441
7356.356356356357 0.2567121566202253
7364.3643643643645 0.245061636323479
7372.372372372372 0.22891653397197168
7380.38038038038 0.21382082970209892
7388.388388388389 0.20216607080558768
7396.396396396396 0.19422247321736355
7404.404404404404 0.1867110047350043
7412.412412412413 0.18238599571091887
7420.420420420422 0.17816162302488806
7428.428428428429 0.17381730020562605
7436.4364364364355 0.1694465512322211
7444.444444444444 0.16554212058267803
7452.452452452453 0.16179016148433661
7460.460460460461 0.15821168853344914
7468.468468468468 0.15482931656530996
7476.476476476477 0.15144996858934473
7484.484484484485 0.14954182415161027
7492.492492492493 0.14376180973520178
7500.5005005005005 0.13398626481150508
7508.508508508508 0.12868528472964277
7516.516516516517 0.12070142522022607
7524.524524524524 0.1126517518418271
7532.532532532532 0.10601386267483892
7540.540540540541 0.09685708659198529
7548.54854854855 0.08714056903039204
7556.556556556557 0.07974377118342371
7564.564564564564 0.07033085922307868
7572.572572572572 0.06113809994682435
7580.580580580581 0.052297255042429505
7588.588588588589 0.046239764767044694
7596.596596596596 0.04081440603590012
7604.604604604605 0.03607483446678768
7612.612612612613 0.031544210269972464
7620.620620620621 0.027443709141698486
7628.628628628629 0.024692935001273415
7636.6366366366365 0.021944685354315006
7644.644644644645 0.019198960200823647
7652.652652652652 0.01674460527134702
7660.66066066066 0.014336052518411043
7668.668668668669 0.011929717359735978
7676.676676676678 0.01039709822635647
7684.684684684685 0.009009120873665476
7692.692692692692 0.0076224229022790494
7700.7007007007005 0.006237004312196996
7708.708708708709 0.004993543773244365
7716.716716716717 0.004473501513067945
7724.724724724724 0.003953939020880739
7732.732732732733 0.003434856296682672
7740.740740740741 0.002916253340473818
7748.748748748749 0.002398130152254251
7756.756756756757 0.0018804867320238957
7764.764764764765 0.001559915465449197
7772.772772772773 0.0012610282034594348
7780.78078078078 0.0009624181407523711
7788.788788788789 0.0006640852773279215
7796.796796796798 0.0003660296131861282
7804.804804804806 6.825114832703366e-05
7812.812812812813 -1.5222036583973793e-06
7820.820820820822 -4.064397870376891e-05
7828.8288288288295 -7.972928015931722e-05
7836.836836836837 -0.00011877810802503679
7844.844844844845 -0.000151733209755152
7852.852852852853 -0.00017093358098523606
7860.860860860862 -0.00019011595226190088
7868.868868868869 -0.00020928032358514374
7876.876876876877 -0.00022842669495496732
7884.884884884886 -0.0002475550663713744
7892.892892892894 -0.00026666543783436216
7900.900900900901 -0.000285757809343928
7908.908908908908 -0.0003048321809000746
7916.916916916917 -0.00031508475543755803
7924.924924924926 -8.162461798724282e-05
7932.932932932934 0.00015161667792410003
7940.940940940941 0.00038463913229650366
7948.94894894895 0.0006174427451300012
7956.956956956958 0.0008151237946124762
7964.9649649649655 0.0009715684985712305
7972.972972972973 0.00112786575610304
7980.980980980981 0.001284015567207927
7988.98898898899 0.0014400179318858693
7996.996996996997 0.0015958728501368443
8005.005005005005 0.002172455310279472
8013.013013013014 0.0028496871696410005
8021.0210210210225 0.003523038239045339
8029.0290290290295 0.00410849095928683
8037.0370370370365 0.004329065557658491
8045.045045045045 0.004548309599473433
8053.053053053054 0.004715930447696923
8061.061061061062 0.00465093849897059
8069.069069069069 0.0045862435494756736
8077.077077077078 0.004521845599212166
8085.085085085086 0.004009658517348947
8093.093093093094 0.0033932798618435075
8101.101101101101 0.0027804354971919377
8109.109109109109 0.002171125423394149
8117.117117117118 0.0015653496404502301
8125.125125125125 0.0
8133.133133133133 0.0
8141.141141141142 0.0
8149.149149149149 0.0
8157.157157157158 0.0
8165.165165165165 0.0
8173.173173173173 0.0
8181.181181181181 0.0
8189.18918918919 0.0
8197.197197197198 0.0
8205.205205205206 0.0
8213.213213213214 0.0
8221.221221221222 0.0
8229.22922922923 0.0
8237.237237237237 0.0
8245.245245245245 0.0
8253.253253253253 0.0
8261.261261261261 0.0
8269.269269269269 0.0
8277.277277277277 0.0
8285.285285285285 0.0
8293.293293293293 0.0
8301.301301301302 0.0
8309.309309309308 0.0
8317.317317317318 0.0
8325.325325325324 0.0
8333.333333333334 0.0
8341.341341341342 0.0
8349.34934934935 0.0
8357.357357357358 0.0
8365.365365365366 0.0
8373.373373373373 0.0
8381.381381381381 0.0
8389.38938938939 0.0
8397.397397397397 0.0
8405.405405405405 0.0
8413.413413413415 0.0
8421.42142142142 0.0
8429.42942942943 0.0
8437.437437437437 0.0
8445.445445445446 0.0
8453.453453453454 0.0
8461.461461461462 0.0
8469.46946946947 0.0
8477.477477477478 0.0
8485.485485485486 0.0
8493.493493493494 0.0
8501.501501501501 0.0
8509.50950950951 0.0
8517.517517517519 0.0
8525.525525525525 0.0
8533.533533533535 0.0
8541.541541541541 0.0
8549.54954954955 0.0
8557.557557557559 0.0
8565.565565565566 0.0
8573.573573573574 0.0
8581.581581581582 0.0
8589.58958958959 0.0
8597.597597597598 0.0
8605.605605605606 0.0
8613.613613613614 0.0
8621.621621621622 0.0
8629.629629629631 0.0
8637.637637637637 0.0
8645.645645645647 0.0
8653.653653653653 0.0
8661.661661661663 0.0
8669.66966966967 0.0
8677.677677677679 0.0
8685.685685685687 0.0
8693.693693693695 0.0
8701.701701701702 0.0
8709.70970970971 0.0
8717.717717717718 0.0
8725.725725725726 0.0
8733.733733733734 0.0
8741.741741741742 0.0
8749.74974974975 0.0
8757.757757757758 0.0
8765.765765765766 0.0
8773.773773773775 0.0
8781.781781781781 0.0
8789.789789789791 0.0
8797.797797797797 0.0
8805.805805805807 0.0
8813.813813813815 0.0
8821.821821821823 0.0
8829.82982982983 0.0
8837.837837837838 0.0
8845.845845845846 0.0
8853.853853853854 0.0
8861.861861861862 0.0
8869.86986986987 0.0
8877.877877877878 0.0
8885.885885885888 0.0
8893.893893893894 0.0
8901.901901901903 0.0
8909.90990990991 0.0
8917.91791791792 0.0
8925.925925925927 0.0
8933.933933933935 0.0
8941.941941941943 0.0
8949.94994994995 0.0
8957.957957957959 0.0
8965.965965965966 0.0
8973.973973973974 0.0
8981.981981981982 0.0
8989.98998998999 0.0
8997.997997997998 0.0
9006.006006006006 0.0
9014.014014014014 0.0
9022.022022022022 0.0
9030.030030030031 0.0
9038.038038038037 0.0
9046.046046046047 0.0
9054.054054054053 0.0
9062.062062062063 0.0
9070.07007007007 0.0
9078.078078078079 0.0
9086.086086086087 0.0
9094.094094094095 0.0
9102.102102102102 0.0
9110.11011011011 0.0
9118.118118118118 0.0
9126.126126126126 0.0
9134.134134134134 0.0
9142.142142142144 0.0
9150.15015015015 0.0
9158.15815815816 0.0
9166.166166166166 0.0
9174.174174174175 0.0
9182.182182182183 0.0
9190.190190190191 0.0
9198.198198198199 0.0
9206.206206206207 0.0
9214.214214214215 0.0
9222.222222222223 0.0
9230.23023023023 0.0
9238.238238238238 0.0
9246.246246246246 0.0
9254.254254254254 0.0
9262.262262262262 0.0
9270.27027027027 0.0
9278.278278278278 0.0
9286.286286286288 0.0
9294.294294294294 0.0
9302.302302302303 0.0
9310.31031031031 0.0
9318.31831831832 0.0
9326.326326326327 0.0
9334.334334334335 0.0
9342.342342342343 0.0
9350.35035035035 0.0
9358.358358358359 0.0
9366.366366366366 0.0
9374.374374374374 0.0
9382.382382382382 0.0
9390.39039039039 0.0
9398.3983983984 0.0
9406.406406406406 0.0
9414.414414414416 0.0
9422.422422422422 0.0
9430.430430430431 0.0
9438.43843843844 0.0
9446.446446446447 0.0
9454.454454454455 0.0
9462.462462462463 0.0
9470.47047047047 0.0
9478.478478478479 0.0
9486.486486486487 0.0
9494.494494494495 0.0
9502.502502502502 0.0
9510.51051051051 0.0
9518.518518518518 0.0
9526.526526526526 0.0
9534.534534534534 0.0
9542.542542542544 0.0
9550.55055055055 0.0
9558.55855855856 0.0
9566.566566566566 0.0
9574.574574574575 0.0
9582.582582582583 0.0
9590.590590590591 0.0
9598.598598598599 0.0
9606.606606606607 0.0
9614.614614614615 0.0
9622.622622622623 0.0
9630.63063063063 0.0
9638.638638638638 0.0
9646.646646646646 0.0
9654.654654654656 0.0
9662.662662662662 0.0
9670.670670670672 0.0
9678.678678678678 0.0
9686.686686686688 0.0
9694.694694694695 0.0
9702.702702702703 0.0
9710.710710710711 0.0
9718.71871871872 0.0
9726.726726726727 0.0
9734.734734734735 0.0
9742.742742742743 0.0
9750.75075075075 0.0
9758.758758758759 0.0
9766.766766766767 0.0
9774.774774774774 0.0
9782.782782782782 0.0
9790.79079079079 0.0
9798.7987987988 0.0
9806.806806806806 0.0
9814.814814814816 0.0
9822.822822822822 0.0
9830.830830830831 0.0
9838.83883883884 0.0
9846.846846846847 0.0
9854.854854854855 0.0
9862.862862862863 0.0
9870.870870870873 0.0
9878.878878878879 0.0
9886.886886886889 0.0
9894.894894894895 0.0
9902.902902902904 0.0
9910.910910910912 0.0
9918.91891891892 0.0
9926.926926926928 0.0
9934.934934934936 0.0
9942.942942942944 0.0
9950.950950950952 0.0
9958.95895895896 0.0
9966.966966966967 0.0
9974.974974974975 0.0
9982.982982982983 0.0
9990.990990990991 0.0
9998.998998998999 0.0
10007.007007007007 0.0
10015.015015015017 0.0
10023.023023023023 0.0
10031.031031031032 0.0
10039.039039039038 0.0
10047.047047047048 0.0
10055.055055055056 0.0
10063.063063063064 0.0
10071.071071071072 0.0
10079.07907907908 0.0
10087.087087087088 0.0
10095.095095095096 0.0
10103.103103103103 0.0
10111.111111111111 0.0
10119.11911911912 0.0
10127.127127127129 0.0
10135.135135135135 0.0
10143.143143143145 0.0
10151.15115115115 0.0
10159.15915915916 0.0
10167.167167167168 0.0
10175.175175175176 0.0
10183.183183183184 0.0
10191.191191191192 0.0
10199.1991991992 0.0
10207.207207207208 0.0
10215.215215215216 0.0