A normalised
3200.2002002002 0.0
3208.208208208208 0.0
3216.2162162162163 0.0
3224.224224224224 0.0
3232.232232232232 0.0
3240.2402402402404 0.0
3248.2482482482483 0.0
3256.256256256256 0.0
3264.264264264264 0.0
3272.272272272272 0.0
3280.2802802802803 0.0
3288.288288288288 0.0
3296.296296296296 0.0
3304.3043043043044 0.0
3312.3123123123123 0.0
3320.32032032032 0.0
3328.328328328328 0.0
3336.336336336336 0.0
3344.3443443443443 0.0
3352.352352352352 0.0
3360.36036036036 0.0
3368.3683683683685 0.0
3376.3763763763764 0.0
3384.3843843843842 0.0
3392.392392392392 0.0
3400.4004004004 0.0
3408.4084084084084 0.0
3416.4164164164163 0.0
3424.424424424424 0.0
3432.4324324324325 0.0
3440.4404404404404 0.0
3448.4484484484483 0.0
3456.456456456456 0.0
3464.464464464464 0.0
3472.4724724724724 0.0
3480.4804804804803 0.0
3488.488488488488 0.0
3496.4964964964965 0.0
3504.5045045045044 0.0
3512.5125125125123 0.0
3520.52052052052 0.0
3528.528528528528 0.0
3536.5365365365365 0.0
3544.5445445445444 0.0
3552.5525525525522 0.0
3560.5605605605606 0.0
3568.5685685685685 0.0
3576.5765765765764 0.0
3584.5845845845843 0.0
3592.592592592592 0.0
3600.600600600601 0.0
3608.6086086086084 0.0
3616.6166166166167 0.0
3624.6246246246246 0.0
3632.632632632633 0.0
3640.6406406406404 0.0
3648.648648648649 0.0
3656.656656656656 0.0
3664.664664664665 0.0
3672.6726726726724 0.0
3680.680680680681 0.0
3688.6886886886887 0.0
3696.696696696697 0.0
3704.7047047047045 0.0
3712.7127127127133 0.0
3720.7207207207202 0.0
3728.728728728729 0.0
3736.7367367367365 0.0
3744.744744744745 0.0
3752.7527527527527 0.0
3760.760760760761 0.0
3768.7687687687685 0.0
3776.7767767767773 0.0
3784.7847847847843 0.0
3792.792792792793 0.0
3800.8008008008005 0.0
3808.808808808809 0.0
3816.8168168168168 0.0
3824.824824824825 0.0
3832.8328328328325 0.0
3840.8408408408413 0.0
3848.8488488488483 0.0
3856.856856856857 0.0
3864.864864864865 0.0
3872.872872872873 0.0
3880.8808808808813 0.0
3888.888888888889 0.0
3896.896896896897 0.0
3904.9049049049054 0.0
3912.9129129129133 0.0
3920.920920920921 0.0
3928.928928928929 0.0
3936.936936936937 0.0
3944.9449449449453 0.0
3952.952952952953 0.0
3960.960960960961 0.0
3968.9689689689694 0.0
3976.9769769769773 0.0
3984.984984984985 0.0
3992.992992992993 0.0
4001.001001001001 0.0
4009.0090090090093 0.0
4017.017017017017 0.0
4025.025025025025 0.0
4033.0330330330335 0.0
4041.0410410410414 0.0
4049.0490490490492 0.0
4057.057057057057 0.0
4065.065065065065 0.0
4073.0730730730734 0.0
4081.0810810810813 0.0
4089.089089089089 0.0
4097.0970970970975 0.0
4105.105105105105 0.0
4113.113113113113 0.0
4121.121121121121 0.0
4129.129129129129 0.0
4137.137137137137 0.0
4145.145145145145 0.0
4153.153153153154 0.0
4161.1611611611615 0.0
4169.169169169169 0.0
4177.177177177177 0.0
4185.185185185185 0.0
4193.193193193193 0.0
4201.201201201201 0.0
4209.20920920921 0.0
4217.217217217218 0.0
4225.225225225226 0.0
4233.2332332332335 0.0
4241.241241241241 0.0
4249.249249249249 0.0
4257.257257257257 0.0
4265.265265265265 0.0
4273.273273273273 0.0
4281.281281281282 0.0
4289.28928928929 0.0
4297.2972972972975 0.0
4305.305305305305 0.0
4313.313313313313 0.0
4321.321321321321 0.0
4329.329329329329 0.0
4337.337337337338 0.0
4345.345345345346 0.0
4353.353353353354 0.0
4361.361361361362 0.0
4369.369369369369 0.0
4377.377377377377 0.0
4385.385385385385 0.0
4393.393393393393 0.0
4401.401401401401 0.0
4409.40940940941 0.0
4417.417417417418 0.0
4425.425425425426 0.0
4433.4334334334335 0.0
4441.441441441441 0.0
4449.449449449449 0.0
4457.457457457457 0.0
4465.465465465466 0.0
4473.473473473474 0.0
4481.481481481482 0.0
4489.48948948949 0.0
4497.4974974974975 0.0
4505.505505505505 0.0
4513.513513513513 0.0
4521.521521521521 0.0
4529.529529529529 0.0
4537.537537537538 0.0
4545.545545545546 0.0
4553.553553553554 0.0
4561.561561561562 0.0
4569.5695695695695 0.0
4577.577577577577 0.0
4585.585585585585 0.0
4593.593593593594 0.0
4601.601601601602 0.0
4609.60960960961 0.0
4617.617617617618 0.0
4625.625625625626 0.0
4633.6336336336335 0.0
4641.641641641641 0.0
4649.649649649649 0.0
4657.657657657657 0.0
4665.665665665666 0.0
4673.673673673674 0.0
4681.681681681682 0.0
4689.68968968969 0.0
4697.697697697698 0.0
4705.705705705705 0.0
4713.713713713714 0.0
4721.721721721722 0.0
4729.72972972973 0.0
4737.737737737738 0.0
4745.745745745746 0.0
4753.753753753754 0.0
4761.7617617617625 0.0
4769.7697697697695 0.0
4777.777777777778 0.0
4785.785785785785 0.0
4793.793793793794 0.0
4801.801801801802 0.0
4809.809809809811 0.0
4817.817817817818 0.0
4825.8258258258265 0.0
4833.8338338338335 0.0
4841.841841841842 0.0
4849.84984984985 0.0
4857.857857857858 0.0
4865.865865865866 0.0
4873.873873873874 0.0
4881.881881881882 0.0
4889.889889889891 0.0
4897.897897897898 0.0
4905.905905905906 0.0
4913.913913913913 0.0
4921.921921921922 0.0
4929.92992992993 0.0
4937.937937937939 0.0
4945.945945945946 0.0
4953.953953953955 0.0
4961.961961961962 0.0
4969.96996996997 0.0
4977.977977977978 0.0
4985.985985985986 0.0
4993.993993993994 0.0
5002.002002002002 0.0
5010.01001001001 0.0
5018.018018018019 0.0
5026.026026026026 0.0
5034.034034034034 0.0
5042.042042042041 0.0
5050.05005005005 0.0
5058.058058058058 0.0
5066.066066066067 0.0
5074.074074074074 0.0
5082.082082082083 0.0
5090.09009009009 0.0
5098.0980980980985 0.0
5106.106106106106 0.0
5114.114114114114 0.0
5122.122122122122 0.0
5130.13013013013 0.0
5138.138138138138 0.0
5146.146146146147 0.0
5154.154154154154 0.0
5162.1621621621625 0.0
5170.1701701701695 0.0
5178.178178178178 0.0
5186.186186186186 0.0
5194.194194194195 0.0
5202.202202202202 0.0
5210.210210210211 0.0
5218.218218218218 0.0
5226.226226226227 0.0
5234.2342342342345 0.0
5242.242242242242 0.0
5250.25025025025 0.0
5258.258258258258 0.0
5266.266266266266 0.0
5274.274274274275 0.0
5282.282282282282 0.0
5290.290290290291 0.0
5298.298298298298 0.0
5306.306306306306 0.0
5314.314314314314 0.0
5322.322322322323 0.0
5330.33033033033 0.0
5338.338338338339 0.0
5346.346346346346 0.0
5354.354354354355 0.0
5362.362362362363 0.0
5370.37037037037 0.0
5378.378378378378 0.0
5386.386386386386 0.0
5394.394394394394 0.0
5402.402402402403 0.0
5410.410410410412 0.0
5418.418418418419 0.0
5426.426426426426 0.0
5434.4344344344345 0.0
5442.442442442443 0.0
5450.450450450451 0.0
5458.458458458458 0.0
5466.466466466467 0.0
5474.474474474475 0.0
5482.482482482483 0.0
5490.490490490491 0.0
5498.4984984984985 0.0
5506.506506506507 0.0
5514.514514514514 0.0
5522.522522522522 0.0
5530.530530530531 0.0
5538.53853853854 0.0
5546.546546546547 0.0
5554.554554554554 0.0
5562.562562562563 0.0
5570.570570570571 0.0
5578.578578578579 0.0
5586.586586586586 0.0
5594.594594594595 0.0
5602.602602602603 0.0
5610.610610610611 0.0
5618.618618618619 0.0
5626.626626626627 0.0
5634.634634634635 0.0
5642.642642642642 0.0
5650.65065065065 0.0
5658.658658658659 0.0
5666.666666666668 0.0
5674.674674674675 0.0
5682.682682682682 0.0
5690.690690690691 0.0
5698.698698698699 0.0
5706.706706706707 0.0
5714.714714714714 0.0
5722.722722722723 0.0
5730.730730730731 0.0
5738.738738738739 0.0
5746.746746746747 0.0
5754.754754754755 0.0
5762.7627627627635 0.0
5770.7707707707705 0.0
5778.778778778778 0.0
5786.786786786787 0.0
5794.794794794796 0.0
5802.802802802803 0.0
5810.81081081081 0.0
5818.818818818819 0.0
5826.8268268268275 0.0
5834.834834834835 0.0
5842.842842842842 0.0
5850.850850850851 0.0
5858.858858858859 0.0
5866.866866866867 0.0
5874.874874874875 0.0
5882.882882882883 0.0
5890.890890890892 0.0
5898.898898898899 0.0
5906.906906906906 0.0
5914.914914914915 0.0
5922.922922922924 0.0
5930.930930930931 0.0
5938.938938938938 0.0
5946.946946946947 0.0
5954.954954954956 0.0
5962.9629629629635 0.0
5970.9709709709705 0.0
5978.978978978979 0.0
5986.986986986987 0.0
5994.994994994995 0.0
6003.003003003003 0.0
6011.011011011011 0.0
6019.01901901902 0.0
6027.027027027027 0.0
6035.0350350350345 0.0
6043.043043043043 0.0
6051.051051051052 0.0
6059.059059059059 0.0
6067.067067067066 0.0
6075.075075075075 0.0
6083.083083083084 0.0
6091.091091091092 0.0
6099.099099099099 0.0
6107.107107107107 0.0
6115.115115115115 0.0
6123.123123123123 0.0
6131.131131131131 0.0
6139.139139139139 0.0
6147.147147147148 0.0
6155.155155155155 0.0
6163.163163163163 0.0
6171.171171171171 0.0
6179.17917917918 0.0
6187.187187187187 0.0
6195.195195195194 0.0
6203.203203203203 0.0
6211.211211211212 0.0
6219.21921921922 0.0
6227.227227227227 0.0
6235.235235235235 0.0
6243.243243243243 0.0
6251.251251251251 0.0
6259.259259259259 0.0
6267.267267267267 0.0
6275.275275275276 0.0
6283.283283283283 0.0
6291.291291291291 0.0
6299.2992992992995 0.0
6307.307307307308 0.0
6315.315315315315 0.0
6323.323323323322 0.0
6331.331331331331 0.0
6339.33933933934 0.0
6347.347347347348 0.0
6355.355355355355 0.0
6363.3633633633635 0.0
6371.371371371371 0.0
6379.379379379379 0.0
6387.387387387387 0.0
6395.395395395395 0.0
6403.403403403404 0.0
6411.411411411411 0.0
6419.41941941942 0.0
6427.4274274274285 0.0
6435.435435435436 0.0
6443.443443443443 0.0
6451.451451451452 0.0
6459.45945945946 0.0
6467.467467467468 0.0
6475.475475475476 0.0
6483.483483483484 0.0
6491.4914914914925 0.0
6499.4994994994995 0.0
6507.507507507507 0.0
6515.515515515516 0.0
6523.523523523525 0.0
6531.531531531532 0.0
6539.539539539539 0.0
6547.547547547548 0.0
6555.555555555557 0.0
6563.5635635635645 0.0
6571.571571571571 0.0
6579.57957957958 0.0
6587.587587587588 0.0
6595.595595595596 0.0
6603.603603603604 0.0
6611.611611611612 0.0
6619.619619619621 0.0
6627.627627627628 0.0
6635.6356356356355 0.0
6643.643643643644 0.0
6651.651651651653 0.0
6659.65965965966 0.0
6667.667667667667 0.0
6675.675675675676 0.0
6683.683683683685 0.0
6691.6916916916925 0.002096055279018965
6699.6996996996995 0.003305989408023777
6707.707707707708 0.004517017517678664
6715.715715715716 0.005729139607983453
6723.723723723724 0.0069423556789379726
6731.731731731732 0.008220928624627592
6739.73973973974 0.010375258059537118
6747.747747747749 0.012531529141391759
6755.755755755756 0.014689741870191208
6763.763763763764 0.016849896245935775
6771.771771771772 0.019011992268625762
6779.779779779781 0.021176029938260867
6787.787787787788 0.0259061748727617
6795.795795795795 0.03374460472097343
6803.803803803804 0.042017206721317105
6811.811811811813 0.05084808535560916
6819.819819819821 0.059660288910512886
6827.827827827828 0.06920369862209956
6835.835835835836 0.08193724501647658
6843.843843843844 0.09844754045795744
6851.851851851852 0.11705349595815019
6859.85985985986 0.13549730717809733
6867.867867867868 0.15094494427196414
6875.875875875877 0.16691274028279215
6883.883883883884 0.19077131456229487
6891.891891891892 0.2192618508559369
6899.8998998999 0.25260338156602624
6907.907907907909 0.2919901302972324
6915.915915915916 0.3268737644838562
6923.923923923923 0.3593736151518989
6931.931931931932 0.3897023146604566
6939.939939939941 0.42001455116255065
6947.947947947949 0.4522429847133302
6955.955955955956 0.4837387501264773
6963.9639639639645 0.5148615891982623
6971.971971971972 0.5556793458833517
6979.97997997998 0.5798473157767635
6987.987987987988 0.604253795772914
6995.995995995996 0.6384878470735504
7004.004004004005 0.6614830379037434
7012.012012012012 0.672218396119655
7020.02002002002 0.6829439337809166
7028.0280280280285 0.6936596508875299
7036.036036036037 0.7205131969935702
7044.044044044044 0.7409818055231335
7052.052052052051 0.7570690633040625
7060.06006006006 0.7671176657718438
7068.068068068069 0.7771569957109076
7076.076076076077 0.7871870531212519
7084.084084084084 0.7930679093210876
7092.092092092093 0.7984668943106108
7100.1001001001005 0.8038607336604652
7108.108108108108 0.8092494273706495
7116.116116116116 0.814632975441165
7124.124124124124 0.8196939524533087
7132.132132132133 0.8244448243786119
7140.14014014014 0.829191108671699
7148.148148148148 0.8339328053325711
7156.156156156157 0.8368861123400835
7164.164164164165 0.8396360987960909
7172.172172172172 0.8423832785923643
7180.180180180179 0.845127651728904
7188.188188188188 0.8478692182057107
7196.196196196197 0.8506079780227837
7204.204204204205 0.8533439311801226
7212.212212212212 0.8551346856947046
7220.220220220221 0.8561583659720379
7228.2282282282285 0.8571807773298222
7236.236236236236 0.8582019197680575
7244.244244244244 0.8587783727682117
7252.252252252252 0.858264982415876
7260.260260260261 0.8577517058354189
7268.268268268268 0.8564946102662387
7276.276276276276 0.8536433395728281
7284.284284284285 0.8507942958853468
7292.2922922922935 0.8479833538097694
7300.3003003003005 0.8452658804706135
7308.3083083083075 0.8425505190983101
7316.316316316316 0.8398372696928589
7324.324324324325 0.8371261322542601
7332.332332332333 0.8348257635605325
7340.34034034034 0.8333948803841512
7348.348348348349 0.8319649517407209
7356.356356356357 0.8305359776302419
7364.3643643643645 0.8305877351767118
7372.372372372372 0.8310598453925907
7380.38038038038 0.8315311839883721
7388.388388388389 0.8320017509640563
7396.396396396396 0.8324715463196429
7404.404404404404 0.8331832835179918
7412.412412412413 0.8339042976550453
7420.420420420422 0.834624309895408
7428.428428428429 0.8353433202390801
7436.4364364364355 0.8360613286860613
7444.444444444444 0.8367783352363519
7452.452452452453 0.8377709200388311
7460.460460460461 0.8389897298150947
7468.468468468468 0.8402070775341932
7476.476476476477 0.8414229631961266
7484.484484484485 0.8426373868008947
7492.492492492493 0.8437271071050444
7500.5005005005005 0.844404552558014
7508.508508508508 0.8450810247861338
7516.516516516517 0.8457565237894038
7524.524524524524 0.8456270467620247
7532.532532532532 0.8452395443921028
7540.540540540541 0.8448520420221809
7548.54854854855 0.8444645396522591
7556.556556556557 0.8426083298532507
7564.564564564564 0.8401538347192538
7572.572572572572 0.8377012389234347
7580.580580580581 0.8339686054217632
7588.588588588589 0.8296478501174425
7596.596596596596 0.8258990940520994
7604.604604604605 0.8228643249484717
7612.612612612613 0.8198320000751227
7620.620620620621 0.8174214328716081
7628.628628628629 0.8153066271874433
7636.6366366366365 0.8131934240453293
7644.644644644645 0.8133461304884025
7652.652652652652 0.8136536816917489
7660.66066066066 0.814411937127236
7668.668668668669 0.8164892848997906
7676.676676676678 0.8185643653962585
7684.684684684685 0.8206371786166398
7692.692692692692 0.8226178826446429
7700.7007007007005 0.82457740635626
7708.708708708709 0.8265347635176564
7716.716716716717 0.8278774308784707
7724.724724724724 0.8282716954162799
7732.732732732733 0.8286652388027133
7740.740740740741 0.8290580610377706
7748.748748748749 0.8285201351737265
7756.756756756757 0.8274652963677719
7764.764764764765 0.8264110801006356
7772.772772772773 0.8253574863723175
7780.78078078078 0.8243045151828181
7788.788788788789 0.8229871722676346
7796.796796796798 0.8215849397783165
7804.804804804806 0.8201836562606564
7812.812812812813 0.8187833217146541
7820.820820820822 0.8173863494293508
7828.8288288288295 0.8160072941610778
7836.836836836837 0.8146291697859184
7844.844844844845 0.8132519763038724
7852.852852852853 0.8133714862864012
7860.860860860862 0.8137417622474957
7868.868868868869 0.814111337230466
7876.876876876877 0.8144802112353123
7884.884884884886 0.8148556372922783
7892.892892892894 0.81543897303095
7900.900900900901 0.816021405692414
7908.908908908908 0.8166029352766702
7916.916916916917 0.8172306563675736
7924.924924924926 0.817972526708061
7932.932932932934 0.8187133418606714
7940.940940940941 0.8193270127274911
7948.94894894895 0.8186099711054339
7956.956956956958 0.8178932417305956
7964.9649649649655 0.8171768246029761
7972.972972972973 0.8164607197225757
7980.980980980981 0.8157449270893938
7988.98898898899 0.8147864560976388
7996.996996996997 0.8137107239002508
8005.005005005005 0.8114390427323251
8013.013013013014 0.8084527016833215
8021.0210210210225 0.8054702725687651
8029.0290290290295 0.802491755388656
8037.0370370370365 0.7995101115325489
8045.045045045045 0.796532202777507
8053.053053053054 0.7935582475184326
8061.061061061062 0.7905882457553262
8069.069069069069 0.7875051649707355
8077.077077077078 0.7842124845883226
8085.085085085086 0.7809256806343002
8093.093093093094 0.7776447531086685
8101.101101101101 0.7743697020114275
8109.109109109109 0.7708996747531748
8117.117117117118 0.7664942082066606
8125.125125125125 0.7621013563010209
8133.133133133133 0.7577211190362552
8141.141141141142 0.7527865654910614
8149.149149149149 0.7466461722430325
8157.157157157158 0.7405290567520035
8165.165165165165 0.733821484036429
8173.173173173173 0.726977617995698
8181.181181181181 0.7201616966429912
8189.18918918919 0.7140132683632576
8197.197197197198 0.7079164050681281
8205.205205205206 0.7018434455687855
8213.213213213214 0.6957943898652315
8221.221221221222 0.6899327766091673
8229.22922922923 0.6842843281245846
8237.237237237237 0.6786576105294418
8245.245245245245 0.6730526238237404
8253.253253253253 0.667528269551658
8261.261261261261 0.6621912866763481
8269.269269269269 0.6568746353529007
8277.277277277277 0.651578315581317
8285.285285285285 0.6463703075595443
8293.293293293293 0.6420646453704307
8301.301301301302 0.6377733232730687
8309.309309309308 0.6334963412674594
8317.317317317318 0.6292336993536016
8325.325325325324 0.6249853975314963
8333.333333333334 0.6207514358011427
8341.341341341342 0.6152679654570182
8349.34934934935 0.6097933067560533
8357.357357357358 0.6043411989130892
8365.365365365366 0.5989116419281241
8373.373373373373 0.5931433600507618
8381.381381381381 0.5861400364672265
8389.38938938939 0.5791698457830246
8397.397397397397 0.5725948375356459
8405.405405405405 0.5662439039800871
8413.413413413415 0.5606374036373148
8421.42142142142 0.5562160563666221
8429.42942942943 0.551811748872728
8437.437437437437 0.5502795517585366
8445.445445445446 0.5491305676968502
8453.453453453454 0.5479769539145798
8461.461461461462 0.5468187104117249
8469.46946946947 0.5460574076513345
8477.477477477478 0.5513850874504422
8485.485485485486 0.5565288279404355
8493.493493493494 0.5613328708040168
8501.501501501501 0.5660223368961058
8509.50950950951 0.5699545089408156
8517.517517517519 0.5722485871950818
8525.525525525525 0.5719259337414647
8533.533533533535 0.571185518553788
8541.541541541541 0.5684634248323382
8549.54954954955 0.5657464550219019
8557.557557557559 0.5630346091224795
8565.565565565566 0.5603278871340704
8573.573573573574 0.5560374749392247
8581.581581581582 0.551406230462766
8589.58958958959 0.546788534014548
8597.597597597598 0.5420128562471495
8605.605605605606 0.5372574098181088
8613.613613613614 0.5325221947274247
8621.621621621622 0.5270766566392947
8629.629629629631 0.5162896496951074
8637.637637637637 0.5055671704302773
8645.645645645647 0.4959135294977785
8653.653653653653 0.48674777926016044
8661.661661661663 0.4776360393200392
8669.66966966967 0.46384810633501694
8677.677677677679 0.44842659557389336
8685.685685685687 0.4372616873297854
8693.693693693695 0.4273339342182837
8701.701701701702 0.417134512430669
8709.70970970971 0.4025555054735516
8717.717717717718 0.3880746323779958
8725.725725725726 0.3743862773845244
8733.733733733734 0.36152231272452146
8741.741741741742 0.33952545625031594
8749.74974974975 0.3286271473789725
8757.757757757758 0.31798053261498127
8765.765765765766 0.3072623746892758
8773.773773773775 0.2924075104608004
8781.781781781781 0.27844229554892275
8789.789789789791 0.2656650154264273
8797.797797797797 0.2520243374966617
8805.805805805807 0.23827932703805937
8813.813813813815 0.22521415789618676
8821.821821821823 0.21421378689324064
8829.82982982983 0.20329389225550787
8837.837837837838 0.19245447398298532
8845.845845845846 0.18169553207567612
8853.853853853854 0.1702197112229318
8861.861861861862 0.1562638291519489
8869.86986986987 0.14241572880168396
8877.877877877878 0.13168882100668355
8885.885885885888 0.1230318895349279
8893.893893893894 0.11444171838272393
8901.901901901903 0.10591830755006917
8909.90990990991 0.097461657036966
8917.91791791792 0.0890717668434121
8925.925925925927 0.08150498629175446
8933.933933933935 0.0766461309995885
8941.941941941943 0.07182536090961748
8949.94994994995 0.06704267602184004
8957.957957957959 0.06229807633625752
8965.965965965966 0.057812766938097455
8973.973973973974 0.053827761261027146
8981.981981981982 0.04987494578991856
8989.98998998999 0.045954320524772864
8997.997997997998 0.0420658854655889
9006.006006006006 0.03814684744784458
9014.014014014014 0.035386774302670836
9022.022022022022 0.03278094542036422
9030.030030030031 0.030206760043978275
9038.038038038037 0.02766421817351371
9046.046046046047 0.025153319808969815
9054.054054054053 0.022674064950347298
9062.062062062063 0.02085315908127913
9070.07007007007 0.019263227512910614
9078.078078078079 0.01769339662350388
9086.086086086087 0.016143666413059372
9094.094094094095 0.0146551911525687
9102.102102102102 0.013857917435273526
9110.11011011011 0.013070556053512601
9118.118118118118 0.012293107007286138
9126.126126126126 0.011525570296593925
9134.134134134134 0.010833929192638127
9142.142142142144 0.010533210057792484
9150.15015015015 0.010235767803100638
9158.15815815816 0.009941602428562507
9166.166166166166 0.009650713934178176
9174.174174174175 0.009363102319947561
9182.182182182183 0.009078767585870742
9190.190190190191 0.00880048846250811
9198.198198198199 0.008526946410459393
9206.206206206207 0.008256614603441648
9214.214214214215 0.007989493041454956
9222.222222222223 0.007725581724499239
9230.23023023023 0.007464880652574571
9238.238238238238 0.00728236921023754
9246.246246246246 0.00710488534863752
9254.254254254254 0.006929341464517542
9262.262262262262 0.006755737557877659
9270.27027027027 0.00658407362871782
9278.278278278278 0.006414349677038073
9286.286286286288 0.006246565702838372
9294.294294294294 0.0060739899764594395
9302.302302302303 0.005854200451658382
9310.31031031031 0.005637324895202552
9318.31831831832 0.005423363307091889
9326.326326326327 0.005212315687326454
9334.334334334335 0.005004182035906186
9342.342342342343 0.004798962352831147
9350.35035035035 0.004596656638101274
9358.358358358359 0.004361014142643519
9366.366366366366 0.004120568507061507
9374.374374374374 0.003883865918684448
9382.382382382382 0.0036509063775122755
9390.39039039039 0.003421689883545055
9398.3983983984 0.0031962164367827207
9406.406406406406 0.0029744860372253375
9414.414414414416 0.002881323829284772
9422.422422422422 0.002915416203442536
9430.430430430431 0.0029482538955778992
9438.43843843844 0.0029798369056908505
9446.446446446447 0.0030101652337814
9454.454454454455 0.0029852572304994818
9462.462462462463 0.002930875581274044
9470.47047047047 0.0028769839384108426
9478.478478478479 0.002823582301909862
9486.486486486487 0.002770670671771118
9494.494494494495 0.0027182490479945955
9502.502502502502 0.002659561131303208
9510.51051051051 0.0025928860811232704
9518.518518518518 0.0025270455349377225
9526.526526526526 0.002462039492746545
9534.534534534534 0.002397867954549757
9542.542542542544 0.0023345309203473405
9550.55055055055 0.002272028390139313
9558.55855855856 0.002209081089235955
9566.566566566566 0.002139533992472951
9574.574574574575 0.0020710346274475625
9582.582582582583 0.0020035829941598086
9590.590590590591 0.0019371790926096697
9598.598598598599 0.0018718229227971661
9606.606606606607 0.0018075144847222787
9614.614614614615 0.001744253778385025
9622.622622622623 0.0016820408037853877
9630.63063063063 0.0016208755609233847
9638.638638638638 0.001560758049798998
9646.646646646646 0.001501688270412245
9654.654654654656 0.001476981728239357
9662.662662662662 0.0014815803622089591
9670.670670670672 0.001485450899367404
9678.678678678678 0.001488593339714691
9686.686686686688 0.0014910076832508204
9694.694694694695 0.0014926939299757917
9702.702702702703 0.0014936520798896054
9710.710710710711 0.0014938821329922615
9718.71871871872 0.0014894442737749466
9726.726726726727 0.0014657552992417484
9734.734734734735 0.0014420663247085468
9742.742742742743 0.0014183773501753485
9750.75075075075 0.001394688375642147
9758.758758758759 0.0013709994011089483
9766.766766766767 0.0013473104265757467
9774.774774774774 0.0013236214520425484
9782.782782782782 0.001299932477509347
9790.79079079079 0.001243627188711008
9798.7987987988 0.0011610699976695278
9806.806806806806 0.0010807623999607727
9814.814814814816 0.0010027043955847196
9822.822822822822 0.0009268959845413911
9830.830830830831 0.0008533371668307654
9838.83883883884 0.000782027942452854
9846.846846846847 0.0
9854.854854854855 0.0
9862.862862862863 0.0
9870.870870870873 0.0
9878.878878878879 0.0
9886.886886886889 0.0
9894.894894894895 0.0
9902.902902902904 0.0
9910.910910910912 0.0
9918.91891891892 0.0
9926.926926926928 0.0
9934.934934934936 0.0
9942.942942942944 0.0
9950.950950950952 0.0
9958.95895895896 0.0
9966.966966966967 0.0
9974.974974974975 0.0
9982.982982982983 0.0
9990.990990990991 0.0
9998.998998998999 0.0
10007.007007007007 0.0
10015.015015015017 0.0
10023.023023023023 0.0
10031.031031031032 0.0
10039.039039039038 0.0
10047.047047047048 0.0
10055.055055055056 0.0
10063.063063063064 0.0
10071.071071071072 0.0
10079.07907907908 0.0
10087.087087087088 0.0
10095.095095095096 0.0
10103.103103103103 0.0
10111.111111111111 0.0
10119.11911911912 0.0
10127.127127127129 0.0
10135.135135135135 0.0
10143.143143143145 0.0
10151.15115115115 0.0
10159.15915915916 0.0
10167.167167167168 0.0
10175.175175175176 0.0
10183.183183183184 0.0
10191.191191191192 0.0
10199.1991991992 0.0
10207.207207207208 0.0
10215.215215215216 0.0
