nm percentage
300.0 0.0
300.8008008008008 0.0
301.6016016016016 0.0
302.4024024024024 0.0
303.2032032032032 0.0
304.004004004004 0.0
304.8048048048048 0.0
305.6056056056056 0.0
306.4064064064064 0.0
307.2072072072072 0.0
308.008008008008 0.0
308.8088088088088 0.0
309.6096096096096 0.0
310.4104104104104 0.0
311.2112112112112 0.0
312.012012012012 0.0
312.8128128128128 0.0
313.6136136136136 0.0
314.4144144144144 0.0
315.2152152152152 0.0
316.016016016016 0.0
316.8168168168168 0.0
317.6176176176176 0.0
318.4184184184184 0.0
319.2192192192192 0.0
320.02002002002 0.0
320.8208208208208 0.0
321.6216216216216 0.0
322.4224224224224 0.0
323.2232232232232 0.0
324.024024024024 0.0
324.8248248248248 0.0
325.6256256256256 0.0
326.4264264264264 0.0
327.2272272272272 0.0
328.028028028028 0.0
328.8288288288288 0.0
329.6296296296296 0.0
330.4304304304304 0.0
331.2312312312312 0.0
332.032032032032 0.0
332.8328328328328 0.0
333.6336336336336 0.0
334.4344344344344 0.0
335.2352352352352 0.0
336.036036036036 0.0
336.8368368368368 0.0
337.6376376376376 0.0
338.4384384384384 0.0
339.2392392392392 0.0
340.04004004004 0.0
340.8408408408408 0.0
341.6416416416416 0.0
342.4424424424424 0.0
343.2432432432432 0.0
344.044044044044 0.0
344.84484484484483 0.0
345.64564564564563 0.0
346.44644644644643 0.0
347.24724724724723 0.0
348.04804804804803 0.0
348.84884884884883 0.0
349.64964964964963 0.0
350.45045045045043 -6.144813958936928e-05
351.25125125125123 -4.4379936910194605e-05
352.05205205205203 -4.753258533937776e-05
352.85285285285283 -5.558223143485335e-05
353.65365365365363 -4.178932070321524e-05
354.45445445445444 -2.776588657923166e-05
355.25525525525524 -2.467672182348363e-05
356.05605605605604 -3.812505027720016e-05
356.85685685685684 -6.277862340718244e-05
357.65765765765764 -4.3247522297268573e-05
358.45845845845844 -4.411237630568289e-05
359.25925925925924 -4.787619003071602e-05
360.0600600600601 -1.3910035275498235e-05
360.86086086086084 -9.183790966395624e-05
361.6616616616617 -5.632356825650273e-05
362.46246246246244 -3.019054286690676e-05
363.2632632632633 -3.2676867223168254e-05
364.06406406406404 -4.0864749072206885e-05
364.8648648648649 -5.2151538811585887e-05
365.66566566566564 -8.196260247978245e-05
366.4664664664665 -7.975728340851175e-05
367.26726726726724 -6.258770893931433e-05
368.0680680680681 -7.053580011228398e-05
368.86886886886884 -8.434711495861756e-05
369.6696696696697 -7.356961592251702e-05
370.47047047047045 -8.399987469034189e-05
371.2712712712713 -8.21688969857519e-05
372.07207207207205 -2.617917649474348e-05
372.8728728728729 -6.543228453355506e-05
373.67367367367365 -6.216532420624108e-05
374.4744744744745 -3.4761947970378344e-05
375.27527527527525 -3.318434515815227e-05
376.0760760760761 -9.870413924119546e-05
376.87687687687685 -0.00010012014071054574
377.6776776776777 -7.421469812461152e-05
378.47847847847845 -5.521337634732309e-05
379.2792792792793 -6.517951995341619e-05
380.08008008008005 -0.00011323992674331795
380.8808808808809 -0.0001476561738100668
381.68168168168165 -2.0502456015517754e-05
382.4824824824825 3.2705583086519672e-06
383.28328328328325 -3.0261674077222768e-05
384.0840840840841 -8.982214921271785e-06
384.88488488488485 -5.8931058353680905e-05
385.6856856856857 -3.110252196701219e-05
386.4864864864865 0.00010810788455913105
387.2872872872873 0.0006564585320238247
388.0880880880881 0.0023371753258517045
388.8888888888889 0.008160004905683547
389.6896896896897 0.0241167838606535
390.4904904904905 0.04943980085600738
391.2912912912913 0.08021037848671335
392.0920920920921 0.11146751444404455
392.8928928928929 0.1400082966603389
393.6936936936937 0.17259120480038231
394.4944944944945 0.21438663591602972
395.2952952952953 0.269384142005891
396.0960960960961 0.3409247873994559
396.8968968968969 0.4340738206114935
397.6976976976977 0.5476278826429896
398.4984984984985 0.6765148996362217
399.2992992992993 0.8197108980719471
400.1001001001001 0.9768873936421434
400.9009009009009 1.1567514058819572
401.7017017017017 1.3887630537364426
402.5025025025025 1.6924200697634608
403.3033033033033 2.0927342139018803
404.1041041041041 2.6170097510104418
404.9049049049049 3.323843864679421
405.7057057057057 4.229772043214893
406.5065065065065 5.302866547984683
407.3073073073073 6.527232803140833
408.1081081081081 7.899897445289626
408.9089089089089 9.47375375259994
409.7097097097097 11.415496831356926
410.5105105105105 13.87485981243709
411.31131131131133 17.020020484342812
412.11211211211213 20.999129594065476
412.91291291291293 26.066473440836187
413.71371371371373 31.97548819636275
414.51451451451453 37.97571120413795
415.31531531531533 43.5149529975159
416.11611611611613 48.14163264364948
416.91691691691693 51.42261782528704
417.71771771771773 53.61151588628029
418.51851851851853 55.381424436947015
419.31931931931933 57.04320600965305
420.12012012012013 58.79910951806618
420.92092092092093 60.78172520287265
421.72172172172174 62.86191319622349
422.52252252252254 64.87314860775906
423.32332332332334 66.74854775119697
424.12412412412414 68.39616470388412
424.92492492492494 69.70300665910798
425.72572572572574 70.47175000702687
426.52652652652654 71.07516194582504
427.32732732732734 71.5489896536622
428.12812812812814 71.91704827459363
428.92892892892894 72.17634825182854
429.72972972972974 72.31020255072461
430.53053053053054 72.34530672982811
431.33133133133134 72.30183291611023
432.13213213213214 72.21316218747761
432.93293293293294 72.14150119507092
433.73373373373374 72.15440512822845
434.53453453453454 72.31106079848301
435.33533533533534 72.63008086138171
436.13613613613614 73.11168066822749
436.93693693693695 73.74551626239719
437.73773773773775 74.43744775225514
438.53853853853855 75.08866968450137
439.33933933933935 75.65078504717204
440.14014014014015 76.07824227095355
440.94094094094095 76.31304979344375
441.74174174174175 76.37162965345532
442.54254254254255 76.36090762589174
443.34334334334335 76.32577213552395
444.14414414414415 76.31287926812873
444.94494494494495 76.38966769334118
445.74574574574575 76.59551865157293
446.54654654654655 76.88035078797215
447.34734734734735 77.23554273821739
448.14814814814815 77.62718943992414
448.94894894894895 77.9732225711929
449.74974974974975 78.24250203112454
450.55055055055055 78.34788325207035
451.35135135135135 78.270371133132
452.15215215215215 78.14293422119489
452.95295295295296 78.00867683240195
453.75375375375376 77.89788125754193
454.55455455455456 77.8517585533407
455.35535535535536 77.87210053895029
456.15615615615616 77.95447722705299
456.95695695695696 78.0942480301219
457.75775775775776 78.27334235526979
458.55855855855856 78.45120147424538
459.35935935935936 78.61242812788966
460.16016016016016 78.74404627480942
460.96096096096096 78.83074837384632
461.76176176176176 78.89713243104669
462.56256256256256 78.94936589484126
463.36336336336336 78.99964710001262
464.16416416416416 79.05401315067148
464.96496496496496 79.10736696716937
465.76576576576576 79.16645124904264
466.56656656656656 79.19539092782784
467.36736736736736 79.19399938616475
468.16816816816817 79.15561186968688
468.96896896896897 79.0568485476505
469.76976976976977 78.92530355690432
470.57057057057057 78.78622631545181
471.3713713713714 78.66277445094433
472.17217217217217 78.58074532726381
472.972972972973 78.57340293205624
473.77377377377377 78.66561364503922
474.5745745745746 78.84634180685875
475.37537537537537 79.07631432072688
476.1761761761762 79.36575551356185
476.97697697697697 79.69020145745543
477.7777777777778 79.98678194046009
478.5785785785786 80.20304095940716
479.37937937937943 80.3177145293586
480.1801801801802 80.31694854270644
480.98098098098103 80.1904136339882
481.7817817817818 79.93604963587062
482.58258258258263 79.62653064837598
483.3833833833834 79.30552092836126
484.18418418418423 79.01114892276533
484.984984984985 78.77678111338126
485.78578578578583 78.68004112934838
486.5865865865866 78.70317541048543
487.38738738738743 78.83936748484237
488.1881881881882 79.07957200036056
488.98898898898904 79.38317226439212
489.7897897897898 79.69344846347967
490.59059059059064 79.94682790478699
491.3913913913914 80.11109137086075
492.19219219219224 80.16340385814688
492.992992992993 80.08921307410043
493.79379379379384 79.84737797710336
494.5945945945946 79.52833609370505
495.39539539539544 79.17347544761436
496.1961961961962 78.82166482440195
496.99699699699704 78.50944647982219
497.7977977977978 78.302535679982
498.59859859859864 78.2262904838373
499.3993993993994 78.27698879410848
500.20020020020024 78.453201044475
501.001001001001 78.72123832842146
501.80180180180184 79.04022525731237
502.6026026026026 79.37641523718864
503.40340340340344 79.683839104038
504.2042042042042 79.92841809538369
505.00500500500505 80.08727931028801
505.8058058058058 80.06631333143854
506.60660660660665 79.90071115783263
507.4074074074074 79.61002433866929
508.20820820820825 79.21840142982012
509.009009009009 78.75565875906041
509.80980980980985 78.26465639618748
510.6106106106106 77.8368577813795
511.41141141141145 77.4893466460835
512.2122122122122 77.25764692650488
513.013013013013 77.14858061527185
513.8138138138138 77.19039207833879
514.6146146146147 77.33434877233955
515.4154154154154 77.5423570778949
516.2162162162163 77.78026574192663
517.017017017017 78.01446645425392
517.8178178178179 78.1791968174507
518.6186186186186 78.23702805775578
519.4194194194195 78.17467225821484
520.2202202202202 77.97574180420979
521.021021021021 77.6251320782207
521.8218218218218 77.11122880291887
522.6226226226227 76.50327876522216
523.4234234234234 75.84935638758574
524.2242242242243 75.18833001000533
525.025025025025 74.56432986584754
525.8258258258259 74.00523500593765
526.6266266266266 73.54187520283305
527.4274274274275 73.22526216719201
528.2282282282282 73.06283293773353
529.0290290290291 73.05681034458027
529.8298298298298 73.24672980755484
530.6306306306307 73.55065870144591
531.4314314314314 73.93597487082891
532.2322322322323 74.36904631678728
533.033033033033 74.80997797502927
533.8338338338339 75.18162467042099
534.6346346346346 75.47005398117201
535.4354354354355 75.64059086205857
536.2362362362362 75.65804441476432
537.0370370370371 75.52914644120095
537.8378378378378 75.21178430571186
538.6386386386387 74.77950642551686
539.4394394394394 74.27320547187266
540.2402402402403 73.71177779174336
541.0410410410411 73.10871586353332
541.8418418418419 72.52131381147866
542.6426426426426 71.97947034651291
543.4434434434435 71.50823080399617
544.2442442442443 71.12078756099035
545.0450450450451 70.82986761218874
545.8458458458458 70.66889623202931
546.6466466466467 70.60539635135507
547.4474474474475 70.61482656744685
548.2482482482483 70.68595908480468
549.049049049049 70.80792691526615
549.8498498498499 70.9434917409901
550.6506506506507 71.0722949649114
551.4514514514515 71.17308618224294
552.2522522522522 71.22889644343128
553.0530530530531 71.22546690843015
553.8538538538539 71.13884194280648
554.6546546546547 70.97279299001733
555.4554554554554 70.74557266974048
556.2562562562563 70.46740244666596
557.0570570570571 70.14916357216264
557.8578578578579 69.80780975062004
558.6586586586586 69.45687061166682
559.4594594594595 69.12362762471497
560.2602602602603 68.81833199779625
561.0610610610611 68.54477044139007
561.8618618618618 68.32103520496815
562.6626626626627 68.14154248587435
563.4634634634635 68.00967018140011
564.2642642642643 67.92062848428853
565.065065065065 67.86145885747963
565.8658658658659 67.83351097883067
566.6666666666667 67.81913392280366
567.4674674674675 67.8019518112466
568.2682682682682 67.77359318001042
569.0690690690691 67.7266186134531
569.86986986987 67.63486860827541
570.6706706706707 67.51108682280613
571.4714714714714 67.34880862134777
572.2722722722723 67.1437633424241
573.0730730730731 66.89608764414383
573.8738738738739 66.61469852810015
574.6746746746746 66.31019616279832
575.4754754754755 65.98090609320393
576.2762762762763 65.64361593803447
577.0770770770771 65.31305308274891
577.8778778778778 65.00206591680544
578.6786786786787 64.70195015322463
579.4794794794796 64.42845112664418
580.2802802802803 64.182946008955
581.081081081081 63.963175130115474
581.8818818818819 63.782144545319696
582.6826826826828 63.62633751667299
583.4834834834835 63.49290664059018
584.2842842842842 63.375807483611034
585.0850850850851 63.26824559133187
585.885885885886 63.17170632833493
586.6866866866867 63.07162902400742
587.4874874874874 62.9585211090909
588.2882882882883 62.83308355535447
589.0890890890892 62.69328359638401
589.8898898898899 62.537140068694285
590.6906906906906 62.35420620372352
591.4914914914915 62.15598567421138
592.2922922922924 61.940118637821605
593.0930930930931 61.70379483380668
593.8938938938938 61.45326489915832
594.6946946946947 61.19777379011648
595.4954954954956 60.94815216442839
596.2962962962963 60.70680250029176
597.097097097097 60.46945652736596
597.8978978978979 60.239018118803095
598.6986986986988 60.01870630969125
599.4994994994995 59.80985082480254
600.3003003003003 59.612452946043156
601.1011011011011 59.42617081876396
601.901901901902 59.25396906886753
602.7027027027027 59.095169298529434
603.5035035035035 58.940855796783744
604.3043043043043 58.787173721506115
605.1051051051052 58.63287853453808
605.9059059059059 58.48430279763034
606.7067067067067 58.32963229095719
607.5075075075075 58.16547891639344
608.3083083083084 57.99383834885289
609.1091091091091 57.81652404448338
609.9099099099099 57.628467198468
610.7107107107107 57.434657791848984
611.5115115115116 57.22904520368204
612.3123123123123 57.020202798929304
613.1131131131131 56.832746511405816
613.9139139139139 56.64460668960989
614.7147147147148 56.453236384059196
615.5155155155155 56.2730357026926
616.3163163163163 56.0986333803189
617.1171171171171 55.92645369452938
617.917917917918 55.77220986229092
618.7187187187187 55.63162801690871
619.5195195195195 55.499165183240336
620.3203203203203 55.38048342147984
621.1211211211212 55.27839883511881
621.9219219219219 55.18362819712059
622.7227227227227 55.09866066983245
623.5235235235235 55.01942434344386
624.3243243243244 54.91648050582456
625.1251251251251 54.76238330906353
625.9259259259259 54.602849623569654
626.7267267267267 54.436469788868415
627.5275275275276 54.263930143150965
628.3283283283283 54.08221393844337
629.1291291291291 53.88880836345166
629.9299299299299 53.682059333437515
630.7307307307308 53.46176805326302
631.5315315315315 53.230907093512954
632.3323323323323 52.989157770792715
633.1331331331331 52.73694497131375
633.933933933934 52.47595677022063
634.7347347347347 52.207568035216816
635.5355355355355 51.94499967657832
636.3363363363363 51.686481082470834
637.1371371371372 51.43123358966153
637.9379379379379 51.18256546564619
638.7387387387387 50.9446515827363
639.5395395395395 50.71523778933263
640.3403403403404 50.497203826732296
641.1411411411411 50.29157238463749
641.941941941942 50.0953476641598
642.7427427427428 49.89881547327515
643.5435435435436 49.70972986790153
644.3443443443443 49.525585200546686
645.1451451451452 49.34378332002855
645.945945945946 49.17242308253958
646.7467467467468 48.99281135350965
647.5475475475475 48.80776044993104
648.3483483483484 48.61730652909977
649.1491491491493 48.440742188806176
649.94994994995 48.3082350877216
650.7507507507507 48.161337788695754
651.5515515515516 48.00387657412535
652.3523523523525 47.83519884960176
653.1531531531532 47.655360437552595
653.9539539539539 47.46529396693364
654.7547547547548 47.26618981999747
655.5555555555557 47.06140548793065
656.3563563563564 46.85496423950109
657.1571571571571 46.65000671098926
657.957957957958 46.448056518091065
658.7587587587589 46.252849249984145
659.5595595595596 46.065302441524636
660.3603603603603 45.89169695813503
661.1611611611612 45.73233889315134
661.9619619619621 45.56514630696376
662.7627627627628 45.42411568560165
663.5635635635635 45.290083368251466
664.3643643643644 45.16252308052005
665.1651651651653 45.04139277940746
665.965965965966 44.92627811080819
666.7667667667668 44.809162930438816
667.5675675675676 44.68598782291964
668.3683683683685 44.55201187860829
669.1691691691692 44.40249628646261
669.96996996997 44.23152935678102
670.7707707707708 44.03361927213768
671.5715715715717 43.809623801747776
672.3723723723724 43.60566796603039
673.1731731731732 43.37667419293013
673.973973973974 43.11354446146031
674.7747747747749 42.82551025212343
675.5755755755756 42.51521694957258
676.3763763763764 42.194981798008904
677.1771771771772 41.80220471137002
677.9779779779781 41.376213880624746
678.7787787787788 40.97575261149411
679.5795795795796 40.59775718977313
680.3803803803804 40.24925281765327
681.1811811811813 39.93905640966941
681.981981981982 39.67971426437872
682.7827827827828 39.48911205271125
683.5835835835836 39.35101623130872
684.3843843843845 39.26411076795159
685.1851851851852 39.23345686128347
685.985985985986 39.25964540269863
686.7867867867868 39.31663569914625
687.5875875875877 39.37746285314245
688.3883883883884 39.40914537147796
689.1891891891892 39.37701668340329
689.98998998999 39.242743268273095
690.7907907907909 38.89304063220008
691.5915915915916 38.30936579435093
692.3923923923924 37.44903508426911
693.1931931931932 36.27384212472469
693.9939939939941 34.745997757413754
694.7947947947948 32.73387578404779
695.5955955955956 30.43230472790151
696.3963963963964 27.924439978951686
697.1971971971973 25.281696888919665
697.997997997998 22.567920597865015
698.7987987987988 19.905005477796603
699.5995995995996 17.408697222305726
700.4004004004005 15.102286534669522
701.2012012012012 13.023629510954615
702.002002002002 11.169788179285431
702.8028028028028 9.585179818177211
703.6036036036037 8.191325111569071
704.4044044044044 6.991724796607678
705.2052052052052 5.969582922993655
706.006006006006 5.088745732866078
706.8068068068069 4.359469198884666
707.6076076076076 3.739313809399761
708.4084084084084 3.206515255091919
709.2092092092092 2.7469325939733835
710.0100100100101 2.3521559677381947
710.8108108108108 2.0266019794506867
711.6116116116116 1.7483058882181046
712.4124124124124 1.511603892313891
713.2132132132133 1.30850041411781
714.014014014014 1.1286227199648655
714.8148148148148 0.9760774512523973
715.6156156156156 0.8452687935807559
716.4164164164165 0.7317489004388431
717.2172172172172 0.6327315226075556
718.018018018018 0.5463747521693498
718.8188188188188 0.47487126149232817
719.6196196196197 0.4129394242386109
720.4204204204204 0.35903568088535187
721.2212212212212 0.31206760868418026
722.022022022022 0.27108152568613914
722.8228228228229 0.23681904946444945
723.6236236236236 0.20707938475192594
724.4244244244244 0.1810142265402475
725.2252252252252 0.1581768719118726
726.0260260260261 0.13829676864245405
726.8268268268268 0.12189711105850126
727.6276276276276 0.1075354007757404
728.4284284284284 0.09487649396754347
729.2292292292293 0.08373516329990076
730.03003003003 0.07398493722136508
730.8308308308308 0.06568187930547532
731.6316316316316 0.05844418088595547
732.4324324324325 0.05193899118663171
733.2332332332332 0.04619162003650879
734.034034034034 0.04138459111065574
734.8348348348349 0.037142512247624646
735.6356356356357 0.03329770324188822
736.4364364364365 0.029893633866290147
737.2372372372372 0.026888217008052127
738.038038038038 0.024184909086773797
738.8388388388389 0.02191098611237963
739.6396396396397 0.019753890265038786
740.4404404404404 0.01785444108960095
741.2412412412413 0.01620686418079507
742.0420420420421 0.014721723349807628
742.8428428428429 0.013391619611022209
743.6436436436436 0.01219169378659053
744.4444444444445 0.011140621342175036
745.2452452452453 0.010206943883691645
746.0460460460461 0.009339125089851238
746.8468468468468 0.008610549037773325
747.6476476476477 0.007889667131090367
748.4484484484485 0.0072572088187329116
749.2492492492493 0.006690150056799572
750.05005005005 0.006129797306895324
750.8508508508509 0.005731598671555523
751.6516516516517 0.005270292830628698
752.4524524524525 0.004843398103701128
753.2532532532532 0.004500656940115467
754.0540540540541 0.004249533688040037
754.8548548548549 0.0038723018973629503
755.6556556556557 0.0036995725474015485
756.4564564564564 0.003448824267951308
757.2572572572573 0.003162300216106733
758.0580580580581 0.0029938606657683824
758.8588588588589 0.002833935205653304
759.6596596596596 0.0026941827141830207
760.4604604604605 0.0025278965165164715
761.2612612612613 0.002362822136593225
762.0620620620621 0.002244619446411493
762.8628628628628 0.0021094604705380435
763.6636636636637 0.002012489875542256
764.4644644644645 0.0018981282179109519
765.2652652652653 0.0017802953712894659
766.066066066066 0.0016905040273730175
766.8668668668669 0.0015873268246229986
767.6676676676677 0.0014979864099742054
768.4684684684685 0.001458902638820157
769.2692692692692 0.001406913142403344
770.0700700700701 0.0012757527968567232
770.8708708708709 0.001260420984347003
771.6716716716717 0.0011739606111817868
772.4724724724724 0.001113146695461077
773.2732732732733 0.0010905681130865346
774.0740740740741 0.0010821582409783453
774.8748748748749 0.0010026263384328175
775.6756756756756 0.0009586803142608178
776.4764764764765 0.000897871965978653
777.2772772772773 0.0008406591111261636
778.0780780780781 0.0008266142141538062
778.8788788788789 0.0008766092511573686
779.6796796796798 0.0008314137691930171
780.4804804804805 0.0007963478190296774
781.2812812812813 0.0007749311368294841
782.0820820820821 0.0007530305054991459
782.882882882883 0.0007932355905553523
783.6836836836837 0.0007422563292756718
784.4844844844845 0.0007006215891601844
785.2852852852853 0.000674657590149359
786.0860860860862 0.0006490830897566351
786.8868868868869 0.0006325899302162245
787.6876876876877 0.0006261482387866788
788.4884884884885 0.0005924675367612397
789.2892892892894 0.0005630018563828822
790.0900900900901 0.0005699747816306322
790.8908908908909 0.0005534712825366554
791.6916916916917 0.0005846331561672488
792.4924924924926 0.0005687207500374094
793.2932932932933 0.0005282113040684274
794.0940940940941 0.000506487081008548
794.894894894895 0.0005068737133849938
795.6956956956958 0.000478800182046249
796.4964964964965 0.00043832668128681175
797.2972972972973 0.0004223517719931619
798.0980980980981 0.00045142034610743184
798.898898898899 0.00044970949301500145
799.6996996996997 0.007516481690766801
800.5005005005005 0.010300913858450403
801.3013013013014 0.010303181379061992
802.1021021021022 0.0107957975513228
802.902902902903 0.010570137096791192
803.7037037037037 0.010167942907274068
804.5045045045046 0.010216027540132636
805.3053053053054 0.010334175840734351
806.1061061061062 0.010121722073496722
806.9069069069069 0.00991252590333824
807.7077077077078 0.009768915700522558
808.5085085085086 0.009729359002684615
809.3093093093094 0.009838522618769142
810.1101101101101 0.010019970439646511
810.910910910911 0.009728345139977064
811.7117117117118 0.009567844937297818
812.5125125125126 0.009618228739244394
813.3133133133133 0.009705420582174832
814.1141141141142 0.009655508129785136
814.9149149149149 0.009445453563856298
815.7157157157158 0.009389654222923049
816.5165165165165 0.009517312010772683
817.3173173173174 0.009471702905662025
818.1181181181181 0.009111801130302606
818.918918918919 0.009226057262592052
819.7197197197197 0.008977320141591033
820.5205205205206 0.009027290755121143
821.3213213213213 0.009141965102123274
822.1221221221222 0.009060200308316863
822.9229229229229 0.008840494200740498
823.7237237237238 0.008977555794627091
824.5245245245245 0.008856466736821007
825.3253253253254 0.008690238112637676
826.1261261261261 0.008682528162851911
826.926926926927 0.008618440763133435
827.7277277277277 0.008676217710510298
828.5285285285286 0.008546569021896704
829.3293293293293 0.008575946516977762
830.1301301301302 0.008896887709544062
830.9309309309309 0.008812030715975925
831.7317317317318 0.008374749602081958
832.5325325325325 0.008578706319847732
833.3333333333334 0.008764739753028435
834.1341341341341 0.008512129344942687
834.934934934935 0.008532203906983947
835.7357357357357 0.008184476244194022
836.5365365365366 0.008173736987330423
837.3373373373373 0.008182930124945635
838.1381381381382 0.00805098537464898
838.9389389389389 0.008288742043613824
839.7397397397398 0.008103995297944727
840.5405405405405 0.008118422652910157
841.3413413413414 0.008266442757020067
842.1421421421421 0.008331548618508185
842.942942942943 0.007878790211608826
843.7437437437437 0.008000805173725313
844.5445445445446 0.008127009518969374
845.3453453453453 0.00816649414507133
846.1461461461462 0.008110302711035588
846.946946946947 0.00802549157602991
847.7477477477478 0.008059978715293754
848.5485485485486 0.008002138852177283
849.3493493493494 0.008012009689457669
850.1501501501502 0.008120578502882352
850.950950950951 0.00802740025576122
851.7517517517518 0.007930867681223653
852.5525525525526 0.008037933437249822
853.3533533533534 0.007929543268835142
854.1541541541542 0.007569295069306284
854.954954954955 0.007760744100666139
855.7557557557558 0.007895508079525755
856.5565565565566 0.007779057513931676
857.3573573573574 0.007691712099823217
858.1581581581582 0.0077598059000410355
858.958958958959 0.00777752529766695
859.7597597597598 0.007427609826030965
860.5605605605606 0.007270226526112741
861.3613613613614 0.007375771140803653
862.1621621621622 0.007633594724797749
862.962962962963 0.007673276487343368
863.7637637637638 0.007365356300321327
864.5645645645646 0.007395904330562334
865.3653653653654 0.007427833377779747
866.1661661661662 0.007332389185634839
866.966966966967 0.007406509837589483
867.7677677677679 0.0074506726353107495
868.5685685685686 0.007422191638956847
869.3693693693695 0.00742604604712604
870.1701701701702 0.007433312818631826
870.970970970971 0.007193251505945011
871.7717717717718 0.006955711782705603
872.5725725725727 0.0070751877890542
873.3733733733734 0.007313103884006927
874.1741741741743 0.0074178824031718785
874.974974974975 0.0071388752885177854
875.7757757757759 0.007253490864819083
876.5765765765766 0.007276491268071839
877.3773773773775 0.007189376295239098
878.1781781781782 0.007169840565509463
878.9789789789791 0.007648696508414745
879.7797797797798 0.007250960989369104
880.5805805805807 0.007168025635979107
881.3813813813814 0.007185625477578401
882.1821821821823 0.007186624022242846
882.982982982983 0.00722647758500653
883.7837837837839 0.007180215096296775
884.5845845845846 0.006977195996283052
885.3853853853855 0.006779665769691738
886.1861861861862 0.006629902487748483
886.9869869869871 0.006421098132960243
887.7877877877878 0.006420887798266003
888.5885885885887 0.006280446238013781
889.3893893893894 0.006090891280590129
890.1901901901903 0.005940134872942117
890.990990990991 0.0059057198600177855
891.7917917917919 0.005879332942726844
892.5925925925926 0.005735601512179329
893.3933933933935 0.005598719739840417
894.1941941941942 0.005525685989196407
894.9949949949951 0.005500916991624855
895.7957957957958 0.0052518257183263055
896.5965965965967 0.005194216412345092
897.3973973973974 0.005102482066299447
898.1981981981983 0.004973020751958819
898.998998998999 0.00502654133681277
899.7997997997999 0.004839504781132324
900.6006006006006 0.004890318919255192
901.4014014014015 0.004853380201654816
902.2022022022022 0.004698567554051944
903.0030030030031 0.004673168245762623
903.8038038038038 0.00483193527090156
904.6046046046047 0.004638588918857576
905.4054054054054 0.004426898590456247
906.2062062062063 0.004330301914342349
907.007007007007 0.004304893175173732
907.8078078078079 0.004274480662710124
908.6086086086086 0.004265788075403599
909.4094094094095 0.004222532983370044
910.2102102102102 0.0041790448442019755
911.0110110110111 0.0042353395504979435
911.8118118118118 0.0040568401348618655
912.6126126126127 0.003974374523019245
913.4134134134134 0.0039193854445460155
914.2142142142143 0.003886840463568501
915.015015015015 0.0039149977795488915
915.8158158158159 0.003782524992217933
916.6166166166166 0.0037471383021389837
917.4174174174175 0.0037365779962859787
918.2182182182182 0.003711811437692431
919.0190190190191 0.003654507537284726
919.8198198198198 0.0034401933659787497
920.6206206206207 0.0034893269082599486
921.4214214214214 0.0035296026426055887
922.2222222222223 0.0034476422034435904
923.023023023023 0.0032488506729216582
923.8238238238239 0.003271504410447152
924.6246246246246 0.003358106243949621
925.4254254254255 0.003391227100151758
926.2262262262262 0.003329336428275538
927.0270270270271 0.003263773184915037
927.8278278278278 0.0032720952824250296
928.6286286286287 0.003258615448832171
929.4294294294294 0.0031816153338621003
930.2302302302303 0.003095968707450583
931.031031031031 0.003109157878941752
931.8318318318319 0.0030836665404596233
932.6326326326326 0.0031000897285978616
933.4334334334335 0.0031628273645666746
934.2342342342342 0.0031904922007919196
935.0350350350351 0.0030672627534407094
935.8358358358358 0.0030426821429629775
936.6366366366367 0.003107738872794642
937.4374374374374 0.003086918938273897
938.2382382382383 0.0030375375395784343
939.039039039039 0.0031296221752824395
939.8398398398399 0.003189566882409737
940.6406406406406 0.0030785926597764095
941.4414414414415 0.002973359333368745
942.2422422422422 0.0029630355573727505
943.0430430430431 0.0030691223439446775
943.8438438438438 0.002971595448389721
944.6446446446447 0.0030206333994346178
945.4454454454454 0.0029804542897664803
946.2462462462463 0.002895082061491047
947.047047047047 0.0029314448235960473
947.8478478478479 0.002992763598199611
948.6486486486486 0.0029010716963957283
949.4494494494495 0.0028543392046151282
950.2502502502502 0.0028931498985014744
951.0510510510511 0.0029734575214498335
951.8518518518518 0.0029260064298995987
952.6526526526527 0.002826818833041948
953.4534534534534 0.0028422645359842346
954.2542542542543 0.0028857610362150103
955.055055055055 0.0027990742994428927
955.8558558558559 0.0027469765523942783
956.6566566566567 0.00269542306911271
957.4574574574575 0.002622664698844031
958.2582582582583 0.0025519637525154935
959.0590590590591 0.0025231511358009273
959.8598598598599 0.0025619398926271116
960.6606606606607 0.0024413735999941582
961.4614614614615 0.0023806223944761225
962.2622622622623 0.0023962979040923543
963.063063063063 0.0024184410950361395
963.8638638638639 0.002292730318960555
964.6646646646647 0.00236624719643229
965.4654654654655 0.0023236405442809862
966.2662662662663 0.002222538352057956
967.0670670670671 0.0022170242743977837
967.8678678678679 0.0021617920437271474
968.6686686686687 0.0020493096136889105
969.4694694694695 0.002004051634771081
970.2702702702703 0.002014397112498995
971.0710710710711 0.0020245602632632392
971.8718718718719 0.0019980109209910184
972.6726726726727 0.0019587952070347263
973.4734734734735 0.0019070783249077606
974.2742742742743 0.0018803528152087751
975.0750750750751 0.001900475454844547
975.8758758758759 0.0018038917995795063
976.6766766766767 0.0017621501797930913
977.4774774774775 0.0017481187440978477
978.2782782782783 0.0017246017716591015
979.0790790790791 0.0016665828456465278
979.8798798798799 0.0016478712195079955
980.6806806806807 0.0016132273919385314
981.4814814814815 0.0015613666235217865
982.2822822822823 0.0015480652038436014
983.0830830830831 0.0016091925908888417
983.883883883884 0.0015876727546351127
984.6846846846847 0.0015115728217089527
985.4854854854856 0.0014429315234535454
986.2862862862863 0.0014084815332008958
987.0870870870872 0.0014182290824680886
987.8878878878879 0.001448879928273084
988.6886886886888 0.001387665663015476
989.4894894894895 0.0013694685512316872
990.2902902902904 0.0013511059493657494
991.0910910910911 0.001290539489600197
991.891891891892 0.001378297187163424
992.6926926926927 0.0013362715025486323
993.4934934934936 0.0012878264966317192
994.2942942942943 0.0012671870551911133
995.0950950950952 0.0012692755597337544
995.8958958958959 0.001197281725067177
996.6966966966968 0.0011586863292175522
997.4974974974975 0.0011611696282466805
998.2982982982984 0.0011754928621790965
999.0990990990991 0.0011779256943555557
999.8998998999 0.0011592042267840115
1000.7007007007007 0.0011501222962674285
1001.5015015015016 0.0011595336482145694
1002.3023023023023 0.0011594355695028116
1003.1031031031032 0.0011321227575883407
1003.9039039039039 0.0011364142930667673
1004.7047047047048 0.0011526157728030545
1005.5055055055055 0.0011278831531510436
1006.3063063063064 0.0010954258709047011
1007.1071071071071 0.001083357507529368
1007.907907907908 0.0010302279157875227
1008.7087087087087 0.0010489132922274205
1009.5095095095096 0.0010568345875958637
1010.3103103103103 0.0010654155453049439
1011.1111111111112 0.0010813194347310008
1011.911911911912 0.0010279032715949962
1012.7127127127128 0.0010271697817278132
1013.5135135135135 0.0010159900268852757
1014.3143143143144 0.0010018044793610138
1015.1151151151151 0.001003789455593907
1015.915915915916 0.0010400815649026758
1016.7167167167167 0.0009919797151999906
1017.5175175175176 0.0009649689777145204
1018.3183183183183 0.0009568184273278689
1019.1191191191192 0.0009530186453770376
1019.91991991992 0.0009555652406824573
1020.7207207207208 0.0009730672647050657
1021.5215215215215 0.0009666042826887246
1022.3223223223224 0.0009370418284818502
1023.1231231231232 0.0009032232989524884
1023.923923923924 0.0009224532490254761
1024.7247247247246 0.000900299288147828
1025.5255255255256 0.0008790962664615714
1026.3263263263264 0.0008654575675540459
1027.127127127127 0.0008603882150190436
1027.927927927928 0.0008623605106576282
1028.7287287287288 0.0008555515787845098
1029.5295295295296 0.000794278545231776
1030.3303303303305 0.000746174944180781
1031.131131131131 0.0007462258529059577
1031.931931931932 0.0007166252337639046
1032.7327327327328 0.000741486898540908
1033.5335335335335 0.0007195513253183182
1034.3343343343345 0.0007029503302065221
1035.1351351351352 0.0007117955638763271
1035.935935935936 0.0006512947947285435
1036.736736736737 0.0006423875477974193
1037.5375375375374 0.0006062736153259807
1038.3383383383384 0.0005778430802279445
1039.1391391391392 0.0005742150629531761
1039.93993993994 0.0005515695156186911
1040.7407407407409 0.0005237122746378659
1041.5415415415416 0.0005082576019101855
1042.3423423423424 0.0005005394985074007
1043.1431431431433 0.0004903642896245801
1043.9439439439439 0.00045915793596969234
1044.7447447447448 0.0004355482884464484
1045.5455455455456 0.00042020503355020395
1046.3463463463463 0.00040722507350830523
1047.1471471471473 0.00039068493205338567
1047.947947947948 0.00036454830913711935
1048.7487487487488 0.00035136256019820735
1049.5495495495497 0.0003334966424991565
1050.3503503503503 0.0003111959035328285
1051.1511511511512 0.0002878929756397826
1051.951951951952 0.0002702381234091315
1052.7527527527527 0.0002636083685660903
1053.5535535535537 0.00025680814075649123
1054.3543543543544 0.00024906751126295656
1055.1551551551552 0.00024319052182059605
1055.9559559559561 0.0002393496499245002
1056.7567567567567 0.00023782624986156274
1057.5575575575576 0.00022842514883933984
1058.3583583583584 0.00021359503065443932
1059.1591591591591 0.00019894599420190961
1059.95995995996 0.00019442764260112387
1060.7607607607608 0.00019556812207171688
1061.5615615615616 0.0001975467354963
1062.3623623623625 0.00019079854586109035
1063.163163163163 0.00017829670055983515
1063.963963963964 0.00018247892798127984
1064.7647647647648 0.00016889481622363184
1065.5655655655655 0.00016504724319027047
1066.3663663663665 0.00016325891774832512
1067.1671671671672 0.0001603349574005669
1067.967967967968 0.00015975610492196082
1068.768768768769 0.00015226574626833527
1069.5695695695695 0.00014660174898699702
1070.3703703703704 0.00014356701583189858
1071.1711711711712 0.00014226255817747363
1071.971971971972 0.00013996001177435036
1072.772772772773 0.00013392136307848116
1073.5735735735736 0.00013093343557399063
1074.3743743743744 0.00013075837870429966
1075.1751751751754 0.00013087499875818096
1075.9759759759759 0.00012605413581503642
1076.7767767767768 0.00011994464446708513
1077.5775775775776 0.00011556414287974344
1078.3783783783783 0.00011039710055475715
1079.1791791791793 0.00010320290108724819
1079.97997997998 9.595449185920741e-05
1080.7807807807808 0.00010290726753645844
1081.5815815815818 0.00010481822747684838
1082.3823823823823 0.0001072309036148491
1083.1831831831832 0.0001121117012411058
1083.983983983984 0.00011525497182618196
1084.7847847847847 0.00011560785753359214
1085.5855855855857 0.00011767595645690853
1086.3863863863864 0.00011911938992951886
1087.1871871871872 0.00012037344808150472
1087.9879879879882 0.00012592436855465768
1088.7887887887887 0.0001291939671604575
1089.5895895895897 0.00013182506991169668
1090.3903903903904 0.00013396023874444134
1091.1911911911911 0.00013669899627579888
1091.991991991992 0.00014240064375174724
1092.7927927927929 0.0
1093.5935935935936 0.0
1094.3943943943946 0.0
1095.195195195195 0.0
1095.995995995996 0.0
1096.7967967967968 0.0
1097.5975975975975 0.0
1098.3983983983985 0.0
1099.1991991991993 0.0
1100.0 0.0
