A normalised
3000 0
3008.01 0
3016.02 0
3024.02 0
3032.03 0
3040.04 0
3048.05 0
3056.06 0
3064.06 0
3072.07 0
3080.08 0
3088.09 0
3096.1 0
3104.1 0
3112.11 0
3120.12 0
3128.13 0
3136.14 0
3144.14 0
3152.15 0
3160.16 0
3168.17 0
3176.18 0
3184.18 0
3192.19 0
3200.2 0
3208.21 0
3216.22 0
3224.22 0
3232.23 0
3240.24 0
3248.25 0
3256.26 0
3264.26 0
3272.27 0
3280.28 0
3288.29 0
3296.3 0
3304.3 0
3312.31 0
3320.32 0
3328.33 0
3336.34 0
3344.34 0
3352.35 0
3360.36 0
3368.37 0
3376.38 0
3384.38 0
3392.39 0
3400.4 0
3408.41 0
3416.42 0
3424.42 0
3432.43 0
3440.44 0
3448.45 0
3456.46 0
3464.46 0
3472.47 0
3480.48 0
3488.49 0
3496.5 0
3504.5 5.15914e-07
3512.51 7.20933e-07
3520.52 1.36559e-06
3528.53 1.37449e-06
3536.54 9.63595e-07
3544.54 1.5076e-06
3552.55 1.6556e-06
3560.56 1.86916e-06
3568.57 1.45694e-06
3576.58 1.59482e-06
3584.58 2.0593e-07
3592.59 1.51158e-06
3600.6 9.09389e-07
3608.61 1.34161e-06
3616.62 1.37516e-06
3624.62 1.54935e-06
3632.63 9.89065e-07
3640.64 1.68505e-06
3648.65 1.62268e-06
3656.66 1.51777e-06
3664.66 1.256e-06
3672.67 1.15502e-06
3680.68 1.66849e-06
3688.69 1.48756e-06
3696.7 1.89915e-06
3704.7 1.31179e-06
3712.71 2.03326e-06
3720.72 1.59699e-06
3728.73 1.13453e-06
3736.74 2.97467e-06
3744.74 1.76226e-06
3752.75 3.09586e-06
3760.76 1.9138e-06
3768.77 3.48697e-06
3776.78 2.75323e-06
3784.78 3.32365e-06
3792.79 2.41338e-06
3800.8 2.09891e-06
3808.81 3.04254e-06
3816.82 2.93152e-06
3824.82 2.98796e-06
3832.83 3.59852e-06
3840.84 3.75477e-06
3848.85 3.88904e-06
3856.86 2.30501e-06
3864.86 3.75444e-06
3872.87 3.81233e-06
3880.88 3.57754e-06
3888.89 4.49365e-06
3896.9 4.63709e-06
3904.9 4.81463e-06
3912.91 6.22163e-06
3920.92 6.14347e-06
3928.93 7.22024e-06
3936.94 6.33806e-06
3944.94 1.30338e-05
3952.95 8.59005e-06
3960.96 2.56994e-06
3968.97 4.58508e-06
3976.98 4.19308e-06
3984.98 4.37385e-06
3992.99 4.41513e-06
4001 4.44387e-06
4009.01 3.97025e-06
4017.02 6.75458e-06
4025.03 8.102e-06
4033.03 8.34973e-06
4041.04 5.37586e-06
4049.05 3.60972e-06
4057.06 4.85105e-06
4065.07 7.65499e-06
4073.07 6.48326e-06
4081.08 7.20849e-06
4089.09 4.62743e-06
4097.1 4.77408e-06
4105.11 6.72772e-06
4113.11 6.24208e-06
4121.12 5.80279e-06
4129.13 6.48079e-06
4137.14 5.36607e-06
4145.15 8.0172e-06
4153.15 6.8891e-06
4161.16 1.09233e-05
4169.17 1.19574e-05
4177.18 1.30313e-05
4185.19 2.3736e-05
4193.19 2.26571e-05
4201.2 1.19716e-05
4209.21 7.0914e-06
4217.22 6.86291e-06
4225.23 6.0356e-06
4233.23 4.06459e-06
4241.24 3.12316e-06
4249.25 4.36431e-06
4257.26 6.07176e-06
4265.27 3.06689e-06
4273.27 5.18783e-06
4281.28 5.65771e-06
4289.29 1.16176e-05
4297.3 2.56e-05
4305.31 1.57991e-05
4313.31 5.30225e-06
4321.32 6.67596e-06
4329.33 6.22321e-06
4337.34 6.06528e-06
4345.35 6.9477e-06
4353.35 6.89322e-06
4361.36 5.97379e-06
4369.37 9.73591e-06
4377.38 8.79479e-06
4385.39 9.4272e-06
4393.39 6.63e-06
4401.4 7.99133e-06
4409.41 5.44925e-06
4417.42 6.92721e-06
4425.43 5.47036e-06
4433.43 5.88049e-06
4441.44 5.45111e-06
4449.45 5.10236e-06
4457.46 4.72234e-06
4465.47 7.2553e-06
4473.47 6.58784e-06
4481.48 7.12725e-06
4489.49 3.83361e-06
4497.5 5.32169e-06
4505.51 6.19155e-06
4513.51 5.3719e-06
4521.52 4.83433e-06
4529.53 4.53684e-06
4537.54 5.55157e-06
4545.55 4.17585e-06
4553.55 6.00219e-06
4561.56 7.49517e-06
4569.57 4.73109e-06
4577.58 7.05944e-06
4585.59 6.87538e-06
4593.59 7.07718e-06
4601.6 7.2903e-06
4609.61 7.30114e-06
4617.62 8.67391e-06
4625.63 8.02743e-06
4633.63 7.47573e-06
4641.64 8.50024e-06
4649.65 7.9153e-06
4657.66 8.62984e-06
4665.67 5.7743e-06
4673.67 7.77635e-06
4681.68 5.00679e-06
4689.69 5.19935e-06
4697.7 6.9522e-06
4705.71 6.30692e-06
4713.71 5.78414e-06
4721.72 6.91168e-06
4729.73 6.52333e-06
4737.74 8.01134e-06
4745.75 4.42581e-06
4753.75 6.71627e-06
4761.76 5.62306e-06
4769.77 9.71598e-06
4777.78 6.82206e-06
4785.79 6.31489e-06
4793.79 6.14789e-06
4801.8 5.72782e-06
4809.81 1.45268e-05
4817.82 3.12724e-05
4825.83 4.22839e-05
4833.83 2.4111e-05
4841.84 7.41464e-06
4849.85 7.58448e-06
4857.86 6.33359e-06
4865.87 8.18047e-06
4873.87 7.40146e-06
4881.88 6.00624e-06
4889.89 7.46778e-06
4897.9 5.82249e-06
4905.91 7.07994e-06
4913.91 6.35886e-06
4921.92 6.69357e-06
4929.93 8.04325e-06
4937.94 6.17088e-06
4945.95 5.71492e-06
4953.95 7.7643e-06
4961.96 6.31099e-06
4969.97 7.20405e-06
4977.98 5.84425e-06
4985.99 5.54524e-06
4993.99 5.62729e-06
5002 6.52401e-06
5010.01 5.67698e-06
5018.02 6.57937e-06
5026.03 7.4337e-06
5034.03 6.10937e-06
5042.04 6.37662e-06
5050.05 7.73719e-06
5058.06 4.37113e-06
5066.07 6.35038e-06
5074.07 5.61556e-06
5082.08 5.98507e-06
5090.09 6.07701e-06
5098.1 5.91243e-06
5106.11 6.46374e-06
5114.11 6.16944e-06
5122.12 6.89568e-06
5130.13 8.22002e-06
5138.14 6.04537e-06
5146.15 8.03157e-06
5154.15 7.3016e-06
5162.16 6.47173e-06
5170.17 6.57421e-06
5178.18 6.03253e-06
5186.19 7.50539e-06
5194.19 7.08141e-06
5202.2 5.20953e-06
5210.21 6.45463e-06
5218.22 5.16672e-06
5226.23 6.50232e-06
5234.23 5.10709e-06
5242.24 6.08775e-06
5250.25 4.14442e-06
5258.26 5.96003e-06
5266.27 5.41844e-06
5274.27 4.47184e-06
5282.28 4.81743e-06
5290.29 6.02889e-06
5298.3 5.26093e-06
5306.31 6.62217e-06
5314.31 3.17339e-06
5322.32 5.19043e-06
5330.33 4.16632e-06
5338.34 5.50395e-06
5346.35 5.467e-06
5354.35 6.06542e-06
5362.36 5.33083e-06
5370.37 6.8739e-06
5378.38 6.59007e-06
5386.39 6.93811e-06
5394.39 5.68018e-06
5402.4 8.62368e-06
5410.41 5.11164e-06
5418.42 6.73067e-06
5426.43 6.98801e-06
5434.43 6.07598e-06
5442.44 6.26265e-06
5450.45 6.01357e-06
5458.46 6.12422e-06
5466.47 6.55893e-06
5474.47 5.20314e-06
5482.48 6.15363e-06
5490.49 4.73197e-06
5498.5 6.37412e-06
5506.51 4.18112e-06
5514.51 5.36103e-06
5522.52 5.64164e-06
5530.53 3.51933e-06
5538.54 4.98377e-06
5546.55 4.52131e-06
5554.55 3.97532e-06
5562.56 6.15783e-06
5570.57 4.80668e-06
5578.58 6.36039e-06
5586.59 4.76686e-06
5594.59 5.93121e-06
5602.6 5.19419e-06
5610.61 4.90229e-06
5618.62 6.34127e-06
5626.63 6.32753e-06
5634.63 6.4096e-06
5642.64 5.48675e-06
5650.65 6.91326e-06
5658.66 6.69599e-06
5666.67 5.59295e-06
5674.67 6.70492e-06
5682.68 7.61631e-06
5690.69 8.17648e-06
5698.7 5.55973e-06
5706.71 5.07289e-06
5714.71 5.72127e-06
5722.72 4.33424e-06
5730.73 3.39588e-06
5738.74 4.18222e-06
5746.75 5.16957e-06
5754.75 5.58717e-06
5762.76 3.21487e-06
5770.77 4.03491e-06
5778.78 5.0723e-06
5786.79 4.25391e-06
5794.79 5.39118e-06
5802.8 3.87005e-06
5810.81 4.92124e-06
5818.82 4.15571e-06
5826.83 4.97372e-06
5834.83 6.37819e-06
5842.84 4.31521e-06
5850.85 5.04184e-06
5858.86 5.49808e-06
5866.87 4.11039e-06
5874.87 7.06223e-06
5882.88 3.5695e-06
5890.89 6.43154e-06
5898.9 5.65698e-06
5906.91 4.42684e-06
5914.91 5.72154e-06
5922.92 5.42216e-06
5930.93 4.64578e-06
5938.94 3.82181e-06
5946.95 3.39916e-06
5954.95 2.81957e-06
5962.96 2.47526e-06
5970.97 2.5217e-06
5978.98 2.30443e-06
5986.99 2.52264e-06
5994.99 2.5832e-06
6003 2.7923e-06
6011.01 3.51654e-06
6019.02 3.73789e-06
6027.03 2.8247e-06
6035.04 6.12187e-06
6043.04 2.7303e-06
6051.05 3.25421e-06
6059.06 3.58631e-06
6067.07 3.72799e-06
6075.08 2.73533e-06
6083.08 5.14506e-06
6091.09 3.80812e-06
6099.1 5.56417e-06
6107.11 4.5087e-06
6115.12 5.05482e-06
6123.12 4.15041e-06
6131.13 5.72389e-06
6139.14 3.65198e-06
6147.15 4.99783e-06
6155.16 4.45093e-06
6163.16 3.2546e-06
6171.17 3.48512e-06
6179.18 3.84308e-06
6187.19 2.53516e-06
6195.2 4.28968e-06
6203.2 2.7978e-06
6211.21 3.8412e-06
6219.22 2.75763e-06
6227.23 3.93734e-06
6235.24 2.57472e-06
6243.24 2.6309e-06
6251.25 2.9891e-06
6259.26 2.10932e-06
6267.27 2.91967e-06
6275.28 4.04549e-06
6283.28 2.61302e-06
6291.29 4.19721e-06
6299.3 3.15959e-06
6307.31 5.19795e-06
6315.32 3.87992e-06
6323.32 6.10537e-06
6331.33 4.26371e-06
6339.34 5.99096e-06
6347.35 6.87002e-06
6355.36 5.48311e-06
6363.36 8.67118e-06
6371.37 1.02519e-05
6379.38 1.02843e-05
6387.39 1.35814e-05
6395.4 1.32587e-05
6403.4 1.86742e-05
6411.41 2.35589e-05
6419.42 3.11847e-05
6427.43 4.17811e-05
6435.44 5.74944e-05
6443.44 7.98783e-05
6451.45 0.000116442
6459.46 0.000172941
6467.47 0.000274597
6475.48 0.000430113
6483.48 0.000735827
6491.49 0.0013383
6499.5 0.00259014
6507.51 0.00575881
6515.52 0.0137085
6523.52 0.0386129
6531.53 0.111325
6539.54 0.256687
6547.55 0.397651
6555.56 0.448024
6563.56 0.447785
6571.57 0.443391
6579.58 0.441289
6587.59 0.438122
6595.6 0.379193
6603.6 0.221319
6611.61 0.0865215
6619.62 0.0282051
6627.63 0.0108592
6635.64 0.00456178
6643.64 0.00221657
6651.65 0.00116582
6659.66 0.000649333
6667.67 0.000392607
6675.68 0.000243937
6683.68 0.000161017
6691.69 0.000110574
6699.7 7.7148e-05
6707.71 5.54765e-05
6715.72 4.14497e-05
6723.72 3.11668e-05
6731.73 2.41504e-05
6739.74 2.00564e-05
6747.75 1.53808e-05
6755.76 1.2757e-05
6763.76 1.14542e-05
6771.77 7.88629e-06
6779.78 7.43652e-06
6787.79 6.14111e-06
6795.8 5.41423e-06
6803.8 4.9264e-06
6811.81 4.07481e-06
6819.82 4.38841e-06
6827.83 3.66524e-06
6835.84 3.71085e-06
6843.84 3.0243e-06
6851.85 3.62182e-06
6859.86 3.50038e-06
6867.87 2.22568e-06
6875.88 3.18948e-06
6883.88 3.64296e-06
6891.89 2.85463e-06
6899.9 3.03056e-06
6907.91 3.05643e-06
6915.92 3.10153e-06
6923.92 3.79767e-06
6931.93 3.62868e-06
6939.94 3.84516e-06
6947.95 2.76752e-06
6955.96 3.66129e-06
6963.96 2.80677e-06
6971.97 3.55938e-06
6979.98 2.93415e-06
6987.99 2.90671e-06
6996 2.09409e-06
7004 2.3084e-06
7012.01 2.07897e-06
7020.02 2.25461e-06
7028.03 1.52284e-06
7036.04 2.66453e-06
7044.04 1.89622e-06
7052.05 1.14851e-06
7060.06 8.15816e-07
7068.07 1.52028e-06
7076.08 1.41512e-06
7084.08 1.94176e-06
7092.09 1.63665e-06
7100.1 2.10216e-06
7108.11 1.76241e-06
7116.12 3.15675e-06
7124.12 1.45861e-06
7132.13 2.29462e-06
7140.14 2.16526e-06
7148.15 2.6221e-06
7156.16 2.95107e-06
7164.16 2.63084e-06
7172.17 1.90956e-06
7180.18 2.51385e-06
7188.19 2.68965e-06
7196.2 3.57427e-06
7204.2 1.91972e-06
7212.21 2.83403e-06
7220.22 2.09318e-06
7228.23 2.91055e-06
7236.24 3.26077e-06
7244.24 1.94361e-06
7252.25 1.57295e-06
7260.26 1.35719e-06
7268.27 1.85071e-06
7276.28 2.64695e-06
7284.28 8.38419e-07
7292.29 1.52413e-06
7300.3 9.69024e-07
7308.31 1.15628e-06
7316.32 1.01022e-06
7324.32 1.78285e-06
7332.33 9.13e-07
7340.34 1.15399e-06
7348.35 1.10745e-06
7356.36 8.26551e-07
7364.36 4.12102e-07
7372.37 2.04128e-06
7380.38 7.94764e-07
7388.39 1.49524e-06
7396.4 1.79599e-06
7404.4 1.99033e-06
7412.41 1.56463e-06
7420.42 1.53035e-06
7428.43 1.75596e-06
7436.44 2.03296e-06
7444.44 1.29028e-06
7452.45 2.38219e-06
7460.46 1.09772e-06
7468.47 2.47622e-06
7476.48 1.29643e-06
7484.48 2.04116e-06
7492.49 2.04193e-06
7500.5 2.03661e-06
7508.51 1.86298e-06
7516.52 1.02962e-06
7524.52 6.19712e-07
7532.53 1.56206e-06
7540.54 1.40899e-06
7548.55 1.60992e-06
7556.56 1.09679e-06
7564.56 1.4161e-06
7572.57 1.15378e-06
7580.58 1.0829e-06
7588.59 7.44273e-07
7596.6 4.25624e-07
7604.6 1.11989e-06
7612.61 1.50841e-06
7620.62 4.99953e-07
7628.63 2.44724e-06
7636.64 1.06127e-06
7644.64 1.43677e-06
7652.65 9.56808e-07
7660.66 9.18263e-07
7668.67 1.4785e-06
7676.68 1.64311e-06
7684.68 9.30263e-07
7692.69 6.96241e-07
7700.7 7.2963e-07
7708.71 1.15423e-06
7716.72 1.35132e-06
7724.72 3.02477e-06
7732.73 1.19231e-06
7740.74 1.8292e-06
7748.75 1.35262e-06
7756.76 1.04424e-06
7764.76 2.35e-06
7772.77 1.39211e-06
7780.78 1.80938e-06
7788.79 1.448e-06
7796.8 1.22979e-06
7804.8 1.89024e-06
7812.81 1.41114e-06
7820.82 1.90433e-06
7828.83 1.44785e-06
7836.84 1.29937e-06
7844.84 1.72868e-06
7852.85 1.30547e-06
7860.86 1.83783e-06
7868.87 2.30579e-06
7876.88 1.65955e-06
7884.88 1.68552e-06
7892.89 1.27132e-06
7900.9 1.11587e-06
7908.91 1.19788e-06
7916.92 1.45713e-06
7924.92 1.39346e-06
7932.93 8.56264e-07
7940.94 1.33737e-06
7948.95 1.17937e-06
7956.96 8.73108e-07
7964.96 1.13033e-06
7972.97 9.66501e-07
7980.98 1.63976e-06
7988.99 1.34599e-06
7997 3.40459e-05
8005.01 8.50473e-05
8013.01 8.15539e-05
8021.02 8.26944e-05
8029.03 7.97957e-05
8037.04 8.48889e-05
8045.05 8.03953e-05
8053.05 8.03254e-05
8061.06 7.71523e-05
8069.07 8.13713e-05
8077.08 8.06616e-05
8085.09 7.83949e-05
8093.09 7.95148e-05
8101.1 7.52742e-05
8109.11 7.81829e-05
8117.12 7.74131e-05
8125.13 8.17524e-05
8133.13 7.73961e-05
8141.14 8.05413e-05
8149.15 7.66907e-05
8157.16 7.66096e-05
8165.17 7.37961e-05
8173.17 7.49687e-05
8181.18 7.31655e-05
8189.19 7.36789e-05
8197.2 7.28001e-05
8205.21 7.01762e-05
8213.21 7.29314e-05
8221.22 7.21035e-05
8229.23 6.47019e-05
8237.24 6.88692e-05
8245.25 7.05859e-05
8253.25 6.82609e-05
8261.26 7.05955e-05
8269.27 6.73024e-05
8277.28 6.716e-05
8285.29 6.6765e-05
8293.29 6.68409e-05
8301.3 6.86331e-05
8309.31 6.61158e-05
8317.32 6.76997e-05
8325.33 6.82419e-05
8333.33 6.6637e-05
8341.34 6.58444e-05
8349.35 6.83866e-05
8357.36 6.53853e-05
8365.37 6.53238e-05
8373.37 6.51875e-05
8381.38 6.41334e-05
8389.39 6.30329e-05
8397.4 6.21153e-05
8405.41 6.49298e-05
8413.41 6.68348e-05
8421.42 6.2696e-05
8429.43 6.13164e-05
8437.44 6.05143e-05
8445.45 6.08388e-05
8453.45 5.81975e-05
8461.46 6.04887e-05
8469.47 6.12435e-05
8477.48 5.79587e-05
8485.49 6.17066e-05
8493.49 5.94172e-05
8501.5 5.76105e-05
8509.51 5.91482e-05
8517.52 5.76369e-05
8525.53 5.49674e-05
8533.53 5.72987e-05
8541.54 6.15973e-05
8549.55 5.79217e-05
8557.56 5.83273e-05
8565.57 5.78303e-05
8573.57 5.62506e-05
8581.58 5.73019e-05
8589.59 5.76464e-05
8597.6 5.52628e-05
8605.61 5.54624e-05
8613.61 5.40985e-05
8621.62 5.66483e-05
8629.63 5.48084e-05
8637.64 5.56445e-05
8645.65 5.53642e-05
8653.65 5.55571e-05
8661.66 5.52211e-05
8669.67 5.40134e-05
8677.68 5.37638e-05
8685.69 5.42923e-05
8693.69 5.42028e-05
8701.7 5.48162e-05
8709.71 5.36314e-05
8717.72 5.04042e-05
8725.73 5.16585e-05
8733.73 5.06252e-05
8741.74 5.0154e-05
8749.75 5.06799e-05
8757.76 5.22013e-05
8765.77 4.98314e-05
8773.77 4.91745e-05
8781.78 4.88138e-05
8789.79 5.249e-05
8797.8 4.80682e-05
8805.81 4.6405e-05
8813.81 4.78527e-05
8821.82 4.66516e-05
8829.83 4.68374e-05
8837.84 4.53417e-05
8845.85 4.5203e-05
8853.85 4.53274e-05
8861.86 4.31058e-05
8869.87 4.33873e-05
8877.88 4.46179e-05
8885.89 4.43497e-05
8893.89 4.31065e-05
8901.9 4.23531e-05
8909.91 4.30904e-05
8917.92 4.21537e-05
8925.93 4.12251e-05
8933.93 4.23718e-05
8941.94 4.0379e-05
8949.95 4.20712e-05
8957.96 4.1198e-05
8965.97 4.04147e-05
8973.97 4.03151e-05
8981.98 3.98856e-05
8989.99 3.80734e-05
8998 3.60407e-05
9006.01 3.76372e-05
9014.01 3.9426e-05
9022.02 3.65885e-05
9030.03 3.64923e-05
9038.04 3.66851e-05
9046.05 3.6297e-05
9054.05 3.51452e-05
9062.06 3.47316e-05
9070.07 3.66327e-05
9078.08 3.36504e-05
9086.09 3.42604e-05
9094.09 3.33475e-05
9102.1 3.35788e-05
9110.11 3.42387e-05
9118.12 3.36393e-05
9126.13 3.1759e-05
9134.13 3.13264e-05
9142.14 2.9834e-05
9150.15 3.08023e-05
9158.16 3.0579e-05
9166.17 3.02923e-05
9174.17 2.75268e-05
9182.18 2.86481e-05
9190.19 2.76771e-05
9198.2 2.92307e-05
9206.21 2.82271e-05
9214.21 2.74726e-05
9222.22 2.77449e-05
9230.23 2.74042e-05
9238.24 2.79005e-05
9246.25 2.69682e-05
9254.25 2.60099e-05
9262.26 2.62234e-05
9270.27 2.57002e-05
9278.28 2.5905e-05
9286.29 2.382e-05
9294.29 2.56298e-05
9302.3 2.47885e-05
9310.31 2.45561e-05
9318.32 2.42204e-05
9326.33 2.45678e-05
9334.33 2.52178e-05
9342.34 2.51981e-05
9350.35 2.32893e-05
9358.36 2.36704e-05
9366.37 2.54369e-05
9374.37 2.5268e-05
9382.38 2.48614e-05
9390.39 2.40545e-05
9398.4 2.31184e-05
9406.41 2.33811e-05
9414.41 2.16542e-05
9422.42 2.37148e-05
9430.43 2.38708e-05
9438.44 2.36011e-05
9446.45 2.46654e-05
9454.45 2.46284e-05
9462.46 2.32455e-05
9470.47 2.34408e-05
9478.48 2.35429e-05
9486.49 2.29942e-05
9494.49 2.33157e-05
9502.5 2.27291e-05
9510.51 2.15582e-05
9518.52 2.2277e-05
9526.53 2.22899e-05
9534.53 2.3418e-05
9542.54 2.22262e-05
9550.55 2.21569e-05
9558.56 2.21788e-05
9566.57 2.21535e-05
9574.57 2.00244e-05
9582.58 2.11681e-05
9590.59 2.07308e-05
9598.6 2.02007e-05
9606.61 1.96627e-05
9614.61 1.93482e-05
9622.62 1.92097e-05
9630.63 1.7902e-05
9638.64 1.81023e-05
9646.65 1.79736e-05
9654.65 1.69789e-05
9662.66 1.74112e-05
9670.67 1.68844e-05
9678.68 1.80057e-05
9686.69 1.67943e-05
9694.69 1.63444e-05
9702.7 1.62208e-05
9710.71 1.52891e-05
9718.72 1.59692e-05
9726.73 1.58039e-05
9734.73 1.57431e-05
9742.74 1.49901e-05
9750.75 1.47935e-05
9758.76 1.41559e-05
9766.77 1.45651e-05
9774.77 1.41025e-05
9782.78 1.3277e-05
9790.79 1.30085e-05
9798.8 1.33164e-05
9806.81 1.30752e-05
9814.81 1.26091e-05
9822.82 1.26602e-05
9830.83 1.24953e-05
9838.84 1.25539e-05
9846.85 1.23828e-05
9854.85 1.24728e-05
9862.86 1.16906e-05
9870.87 1.15093e-05
9878.88 1.12624e-05
9886.89 1.0974e-05
9894.89 1.0902e-05
9902.9 1.10182e-05
9910.91 1.06101e-05
9918.92 1.04559e-05
9926.93 1.08875e-05
9934.93 1.05615e-05
9942.94 9.8776e-06
9950.95 9.9891e-06
9958.96 9.98623e-06
9966.97 9.72062e-06
9974.97 9.95038e-06
9982.98 9.46756e-06
9990.99 9.3865e-06
9999 9.52678e-06
10007 9.12049e-06
10015 8.97881e-06
10023 9.20482e-06
10031 9.40114e-06
10039 8.86905e-06
10047 8.69392e-06
10055.1 8.7232e-06
10063.1 8.63616e-06
10071.1 8.52541e-06
10079.1 8.92325e-06
10087.1 8.54175e-06
10095.1 8.6289e-06
10103.1 8.58892e-06
10111.1 8.4924e-06
10119.1 8.63931e-06
10127.1 8.12814e-06
10135.1 7.93717e-06
10143.1 8.18615e-06
10151.2 8.08711e-06
10159.2 8.03858e-06
10167.2 7.79753e-06
10175.2 8.07621e-06
10183.2 7.82359e-06
10191.2 7.73139e-06
10199.2 7.57198e-06
10207.2 7.59746e-06
10215.2 7.93091e-06
10223.2 7.22165e-06
10231.2 7.34754e-06
10239.2 7.67494e-06
10247.2 7.34027e-06
10255.3 7.5914e-06
10263.3 7.12382e-06
10271.3 7.01621e-06
10279.3 6.90273e-06
10287.3 6.76683e-06
10295.3 6.4631e-06
10303.3 6.29755e-06
10311.3 6.16931e-06
10319.3 5.84122e-06
10327.3 5.67675e-06
10335.3 5.79486e-06
10343.3 5.74099e-06
10351.4 5.06632e-06
10359.4 5.1731e-06
10367.4 5.05014e-06
10375.4 5.08733e-06
10383.4 4.66722e-06
10391.4 4.5567e-06
10399.4 4.49001e-06
10407.4 4.39993e-06
10415.4 4.08713e-06
10423.4 3.71838e-06
10431.4 3.85422e-06
10439.4 3.73696e-06
10447.4 3.53089e-06
10455.5 3.38343e-06
10463.5 3.14013e-06
10471.5 3.15175e-06
10479.5 2.96545e-06
10487.5 2.83018e-06
10495.5 2.67843e-06
10503.5 2.60935e-06
10511.5 2.30165e-06
10519.5 2.18695e-06
10527.5 2.19254e-06
10535.5 2.17236e-06
10543.5 2.06815e-06
10551.6 2.01041e-06
10559.6 2.06415e-06
10567.6 1.83807e-06
10575.6 1.75886e-06
10583.6 1.87224e-06
10591.6 1.72904e-06
10599.6 1.63932e-06
10607.6 1.65131e-06
10615.6 1.64779e-06
10623.6 1.55698e-06
10631.6 1.50332e-06
10639.6 1.43842e-06
10647.6 1.39788e-06
10655.7 1.38907e-06
10663.7 1.27642e-06
10671.7 1.2842e-06
10679.7 1.27784e-06
10687.7 1.25563e-06
10695.7 1.24252e-06
10703.7 1.21323e-06
10711.7 1.17004e-06
10719.7 1.13461e-06
10727.7 1.08986e-06
10735.7 1.0379e-06
10743.7 1.04016e-06
10751.8 9.76101e-07
10759.8 9.55206e-07
10767.8 9.2371e-07
10775.8 9.05424e-07
10783.8 8.8328e-07
10791.8 8.39605e-07
10799.8 8.324e-07
10807.8 8.28251e-07
10815.8 8.97324e-07
10823.8 9.08911e-07
10831.8 9.1981e-07
10839.8 9.56824e-07
10847.8 9.58946e-07
10855.9 1.01842e-06
10863.9 9.95558e-07
10871.9 1.00383e-06
10879.9 1.09669e-06
10887.9 1.10355e-06
10895.9 1.12302e-06
10903.9 1.14743e-06
10911.9 1.19431e-06
10919.9 1.19528e-06
10927.9 0
10935.9 0
10943.9 0
10952 0
10960 0
10968 0
10976 0
10984 0
10992 0
11000 0
