3000.0 0.0
3016.032064128257 0.0
3032.064128256513 0.0
3048.0961923847694 0.0
3064.1282565130264 0.0
3080.1603206412824 0.0
3096.192384769539 0.0
3112.224448897796 0.0
3128.256513026052 0.0
3144.2885771543088 0.0
3160.3206412825652 0.0
3176.3527054108217 0.0
3192.384769539078 0.0
3208.4168336673347 0.0
3224.448897795591 0.0
3240.4809619238476 0.0
3256.5130260521046 0.0
3272.5450901803606 0.0
3288.5771543086175 0.0
3304.609218436874 0.0
3320.64128256513 0.0
3336.673346693387 0.0
3352.705410821643 0.0
3368.7374749498995 0.0
3384.7695390781564 0.0
3400.8016032064133 0.0
3416.8336673346694 0.0
3432.865731462926 0.0
3448.8977955911823 0.0
3464.929859719439 0.0
3480.9619238476953 0.0
3496.993987975952 0.0
3513.0260521042082 -8.884725630683839e-07
3529.058116232465 -2.237836918889966e-06
3545.090180360721 -9.823245424371556e-07
3561.122244488978 -1.080594922781475e-06
3577.1543086172346 -1.7321536296553049e-06
3593.1863727454906 -5.139079957032989e-07
3609.2184368737476 -1.6734288196120484e-06
3625.250501002004 -1.2520749407143332e-06
3641.28256513026 -5.694580911496451e-07
3657.314629258517 -1.5232404095504948e-06
3673.346693386774 -1.214704416267466e-06
3689.3787575150304 -1.4439483339006835e-06
3705.4108216432865 -1.7478687540662566e-06
3721.4428857715434 -6.263545169413373e-07
3737.4749498997994 -1.4807212490932274e-06
3753.507014028056 -4.6274252716526416e-07
3769.539078156313 -1.8254033190262108e-06
3785.571142284569 -7.980165338418551e-07
3801.603206412826 -2.0926704322617817e-06
3817.6352705410823 -8.818644465357101e-07
3833.6673346693387 -6.951003724992038e-07
3849.699398797595 -6.891100431313709e-07
3865.7314629258517 -7.584160991982552e-07
3881.763527054108 9.048564439350612e-07
3897.7955911823647 -3.0156570580872135e-06
3913.8276553106216 -1.5813759113328674e-06
3929.8597194388776 -5.738382583822708e-07
3945.8917835671346 -1.3260439484653913e-06
3961.923847695391 -6.412703032825131e-07
3977.955911823647 6.997398653055519e-07
3993.987975951904 -1.4997991072000193e-06
4010.02004008016 -1.1441157307373005e-06
4026.0521042084165 -1.6011166794556216e-06
4042.0841683366734 -1.3228631229916152e-06
4058.1162324649304 -2.618849861542994e-07
4074.1482965931864 4.5487045481228375e-08
4090.180360721443 1.115273039370338e-06
4106.212424849699 -5.772978875480709e-07
4122.244488977956 -1.623558514439139e-06
4138.276553106212 -2.401876700486682e-06
4154.308617234469 -3.183126013105733e-07
4170.340681362725 1.616906815643676e-06
4186.372745490982 1.2048429325096483e-06
4202.404809619238 5.644419259386944e-06
4218.436873747495 2.6824096526515397e-06
4234.468937875752 2.675342362516426e-06
4250.501002004008 3.919195686393104e-06
4266.533066132264 3.1910858162757016e-06
4282.565130260521 1.7137882645423522e-06
4298.597194388777 1.9600864319654178e-06
4314.629258517034 3.550807465121155e-06
4330.661322645291 2.0720775963689913e-06
4346.693386773548 3.3511956183029843e-06
4362.725450901804 8.563415781284582e-06
4378.75751503006 2.1539939966930563e-05
4394.789579158316 1.2054580414195921e-05
4410.821643286573 3.3904994754931158e-06
4426.85370741483 3.263363903107404e-07
4442.885771543087 2.2621195350067639e-07
4458.917835671343 -1.9915684965880045e-06
4474.949899799599 1.326459143994225e-07
4490.981963927856 3.752028001908225e-08
4507.014028056112 -7.648528163537993e-07
4523.046092184369 8.494114195104331e-08
4539.078156312626 -2.4231498978746655e-06
4555.110220440882 1.1618945686770284e-06
4571.142284569138 3.0059902597642707e-07
4587.174348697395 2.699698015404543e-06
4603.206412825652 4.75258281409863e-06
4619.238476953908 6.122254751238242e-06
4635.2705410821645 2.0095165028955084e-05
4651.302605210421 4.9856304680425636e-05
4667.3346693386775 8.35010823142671e-05
4683.3667334669335 6.947306227312823e-05
4699.39879759519 3.031823180882082e-05
4715.430861723447 1.0341608525490373e-05
4731.462925851703 2.6298637178650053e-06
4747.49498997996 2.275766655737383e-06
4763.527054108216 1.3585696568419328e-06
4779.559118236473 1.1927762179696734e-06
4795.591182364729 1.432069700406748e-06
4811.623246492986 1.5615904004989078e-06
4827.655310621243 2.217689613773437e-06
4843.687374749499 4.0793258834444035e-06
4859.719438877755 7.1227030237792196e-06
4875.751503006012 1.1850287483206692e-05
4891.783567134269 2.3544064148662646e-05
4907.815631262525 4.0142385637588265e-05
4923.847695390781 4.5452148109566974e-05
4939.879759519038 3.565266033473217e-05
4955.911823647294 2.303020214155396e-05
4971.943887775551 1.5377973076712078e-05
4987.975951903808 1.0661593746993429e-05
5004.008016032065 9.838455254333155e-06
5020.040080160321 1.0479867537198655e-05
5036.072144288577 8.29212813068359e-06
5052.104208416833 1.1151953557673178e-05
5068.13627254509 1.245476740432339e-05
5084.168336673347 1.705106504382785e-05
5100.200400801604 2.4683227720484902e-05
5116.23246492986 3.086257114350214e-05
5132.264529058116 4.073026226535029e-05
5148.296593186373 4.488226549551193e-05
5164.328657314629 4.521898794881189e-05
5180.360721442886 4.481980861210685e-05
5196.392785571143 4.3385288617275816e-05
5212.424849699399 4.2805225082555405e-05
5228.4569138276565 3.979545083790299e-05
5244.488977955912 3.6362572775714e-05
5260.521042084169 3.296737803114326e-05
5276.553106212425 2.5428207613110183e-05
5292.5851703406815 2.1942174145312934e-05
5308.6172344689385 1.9432637813421954e-05
5324.6492985971945 1.880143451855206e-05
5340.6813627254505 1.9170552695429172e-05
5356.7134268537075 2.0275374170163465e-05
5372.745490981964 2.2698559613915254e-05
5388.77755511022 2.582168233908327e-05
5404.809619238476 3.2635847504205515e-05
5420.841683366733 4.328450137127945e-05
5436.87374749499 6.145224630209566e-05
5452.905811623246 9.244996423410406e-05
5468.937875751503 0.00014688584581946693
5484.96993987976 0.0002505239919889503
5501.002004008016 0.0004389767199957636
5517.034068136272 0.0008234535103339905
5533.066132264529 0.001621595836344162
5549.098196392786 0.00320145588471611
5565.130260521042 0.006725614682143595
5581.162324649299 0.013810545356997226
5597.194388777554 0.029086728856391048
5613.226452905812 0.05837155191727465
5629.258517034068 0.11049331337178163
5645.290581162325 0.19597233642964887
5661.322645290582 0.30513666280070706
5677.354709418837 0.4257817879733395
5693.386773547095 0.5387090640511044
5709.41883767535 0.6349022168245153
5725.450901803607 0.7060606027108505
5741.482965931864 0.7549950367657716
5757.515030060121 0.7863735391083448
5773.547094188378 0.8097566251718494
5789.579158316633 0.8305249596323814
5805.611222444891 0.8487942743366877
5821.643286573146 0.8628413307077827
5837.675350701403 0.8716407200381059
5853.70741482966 0.8766532330747259
5869.739478957916 0.8799498116861584
5885.771543086174 0.8825569627251408
5901.803607214429 0.884301806596331
5917.835671342686 0.8843132398796463
5933.867735470942 0.8820896748600042
5949.899799599198 0.8785249560556341
5965.9318637274555 0.8751335968570761
5981.9639278557115 0.8735657268280279
5997.9959919839675 0.8743131734230911
6014.0280561122245 0.8767159866172158
6030.060120240481 0.8797932828734515
6046.092184368737 0.8822779820266873
6062.1242484969935 0.8840984642385044
6078.156312625251 0.8855184429553243
6094.188376753507 0.8871071806072912
6110.220440881763 0.8887444125742769
6126.25250501002 0.8906823221115401
6142.284569138275 0.8923245253839293
6158.316633266533 0.8935644018548322
6174.348697394789 0.8945421478387978
6190.380761523046 0.8955587778031936
6206.412825651303 0.8970352369628064
6222.444889779559 0.8988629297030808
6238.476953907816 0.9003416492044505
6254.509018036071 0.900898877883491
6270.541082164329 0.9003392443839733
6286.573146292585 0.8989422912531145
6302.605210420842 0.8974090853153299
6318.637274549099 0.8968040262348729
6334.669338677354 0.8976955284204784
6350.701402805612 0.8997012968051602
6366.733466933867 0.902580079046078
6382.765531062124 0.9052630036851371
6398.797595190381 0.9068363456948298
6414.829659318638 0.9070967386008029
6430.861723446895 0.9066183186115847
6446.89378757515 0.9058740396483719
6462.925851703408 0.9054942606274097
6478.957915831663 0.9053983720401415
6494.98997995992 0.9052011489837711
6511.022044088177 0.9042802195096341
6527.054108216433 0.9022699488602876
6543.086172344691 0.8992320449204204
6559.118236472946 0.8956171756789556
6575.150300601203 0.8927702322279824
6591.182364729459 0.891340728683031
6607.214428857716 0.8919099993629198
6623.2464929859725 0.894233768529063
6639.2785571142285 0.8977902705416001
6655.310621242486 0.9012934566055416
6671.3426853707415 0.904106590725434
6687.374749498998 0.9052884877850244
6703.406813627254 0.9049702233816317
6719.4388777555105 0.9031357910597706
6735.470941883768 0.8997173011127655
6751.503006012024 0.8944738465125757
6767.53507014028 0.8865781900142644
6783.567134268537 0.8756934781906781
6799.599198396792 0.8619007674767697
6815.63126252505 0.8454293448639251
6831.663326653306 0.8275576473435691
6847.695390781563 0.8083933193745352
6863.72745490982 0.7852038143139983
6879.759519038076 0.7526788358882214
6895.791583166333 0.697957321560954
6911.823647294588 0.6153138469456173
6927.855711422846 0.500590804583353
6943.887775551102 0.3691637479343081
6959.919839679359 0.24606750084304013
6975.951903807616 0.1541458986263403
6991.983967935871 0.09067199695438624
7008.016032064129 0.052640162691103866
7024.048096192384 0.030441778408377463
7040.080160320641 0.01731366571801567
7056.112224448898 0.0103859559779378
7072.144288577155 0.006214403287373428
7088.176352705412 0.0038343446336640587
7104.208416833667 0.0024142472516133807
7120.240480961925 0.0015431916709893285
7136.27254509018 0.001034501729155441
7152.304609218437 0.0006886666798273085
7168.336673346694 0.00047050234960538146
7184.36873747495 0.0003287163301576228
7200.400801603208 0.0002312117264943644
7216.432865731463 0.000167756351725655
7232.46492985972 0.00012102374877107536
7248.496993987976 8.894043732750538e-05
7264.529058116233 6.795860467489978e-05
7280.5611222444895 4.886518164812863e-05
7296.593186372746 3.881357354297848e-05
7312.625250501003 3.132652745693513e-05
7328.6573146292585 2.4113214567781966e-05
7344.689378757515 1.9727548119536442e-05
7360.7214428857715 1.4828153586507291e-05
7376.7535070140275 1.2359015797100546e-05
7392.785571142285 1.0893089597317073e-05
7408.817635270541 7.487561427480534e-06
7424.849699398797 6.026211125548266e-06
7440.881763527054 4.050770545205681e-06
7456.913827655311 3.1939408678452357e-06
7472.945891783567 2.8934135785223957e-06
7488.977955911823 1.415514405197694e-06
7505.010020040081 1.6919277339995924e-06
7521.042084168337 1.031791440083522e-06
7537.074148296593 1.3620446801591068e-06
7553.10621242485 -2.897766493628513e-07
7569.138276553105 1.1104700279845356e-06
7585.170340681363 -2.6363780172101373e-07
7601.202404809619 2.2256850378620597e-06
7617.234468937876 1.938876538673311e-07
7633.266533066133 1.4105529332408504e-06
7649.298597194388 2.967675491380318e-06
7665.330661322646 1.73722812292926e-07
7681.362725450901 -4.927849417867442e-07
7697.394789579158 -2.132291594419932e-07
7713.426853707415 -8.178024699572057e-07
7729.458917835672 -2.9360503431526914e-07
7745.490981963929 -1.0253322404547003e-07
7761.523046092184 -1.1073709880763473e-06
7777.555110220442 -1.0031444233309928e-06
7793.587174348697 -5.050639921905145e-07
7809.619238476954 -2.7427821415732593e-06
7825.651302605211 -1.1760241066927802e-06
7841.683366733467 -1.4209623290764927e-06
7857.715430861725 -2.831155468666846e-06
7873.74749498998 -1.466828293358992e-07
7889.779559118237 -1.5234141346056225e-06
7905.811623246493 -2.025950936918641e-06
7921.84368737475 1.788436157077815e-07
7937.8757515030065 -8.618497917234026e-07
7953.907815631263 -6.608262978529383e-07
7969.93987975952 -2.472692004036446e-07
7985.9719438877755 1.502630536554503e-06
8002.0040080160325 0.0004679691041425522
8018.0360721442885 0.0004668727484435934
8034.0681362725445 0.000484175769447657
8050.100200400802 0.0004509070807372553
8066.132264529058 0.0004800628035499256
8082.164328657314 0.0004605968279610528
8098.196392785571 0.0004608130184526929
8114.228456913828 0.0004629135975310062
8130.260521042084 0.00047249256297594074
8146.29258517034 0.0004702098114596222
8162.324649298597 0.00043548687724211484
8178.356713426854 0.0004603187674214569
8194.38877755511 0.0004564370980050166
8210.420841683368 0.00047405277096017947
8226.452905811624 0.00047824563325874576
8242.48496993988 0.0004706401425108821
8258.517034068136 0.0004609430703091366
8274.549098196392 0.0004768497082895671
8290.58116232465 0.00046958248826165096
8306.613226452906 0.0004669575689193807
8322.645290581164 0.0004593299454216762
8338.677354709418 0.00046968316245966
8354.709418837676 0.00047300962213713324
8370.741482965932 0.0004462374401910601
8386.773547094188 0.0004628984406307998
8402.805611222446 0.00045207396345325846
8418.837675350702 0.00046205457199485187
8434.869739478958 0.00046241269632357545
8450.901803607214 0.00044469483927485733
8466.933867735472 0.00043969192045065095
8482.965931863728 0.00044385071836532824
8498.997995991984 0.00047036465292912735
8515.030060120242 0.0004685756499538455
8531.062124248496 0.0004628558003511894
8547.094188376754 0.00045825075099122
8563.12625250501 0.00047008857254847485
8579.158316633268 0.0004700334759685754
8595.190380761524 0.00046092002924164234
8611.22244488978 0.00043881276112621355
8627.254509018036 0.0004421027375604447
8643.286573146292 0.0004454963640294289
8659.31863727455 0.0004340034607241093
8675.350701402805 0.0004493218469499214
8691.382765531063 0.0004420367820288158
8707.41482965932 0.00044648570070873186
8723.446893787575 0.0004427656091873186
8739.478957915831 0.00042342896407372303
8755.511022044087 0.00043387526555300446
8771.543086172345 0.00044098831332620896
8787.575150300601 0.0004370925747386025
8803.607214428857 0.0004213770523056421
8819.639278557113 0.0004388992374217272
8835.671342685371 0.00043249913774910057
8851.703406813627 0.0004295892116391066
8867.735470941883 0.0004296302636226812
8883.767535070141 0.0004409637791906166
8899.799599198397 0.0004111119355557124
8915.831663326653 0.00041225934805642564
8931.86372745491 0.00039964861363272347
8947.895791583167 0.00041037506986979397
8963.927855711423 0.00041442893356577324
8979.959919839679 0.00041244180299195016
8995.991983967935 0.00041803327946318035
9012.024048096193 0.0004141332506054136
9028.056112224449 0.00042366297693805264
9044.088176352705 0.00039959845692135354
9060.120240480963 0.0004034986321932514
9076.152304609219 0.00039931099087490025
9092.184368737475 0.0004018836216939089
9108.21643286573 0.0004043084550789067
9124.248496993989 0.0003838554644864234
9140.280561122245 0.00039517187738274213
9156.3126252505 0.0003838807371228366
9172.344689378759 0.0003895931414769588
9188.376753507015 0.0003913572367584189
9204.40881763527 0.0003610483833737259
9220.440881763527 0.0003845943554880415
9236.472945891785 0.0003873441861721311
9252.50501002004 0.00035394932348722225
9268.537074148297 0.00034876263894792736
9284.569138276553 0.00035185991246385463
9300.60120240481 0.00035633809215681765
9316.633266533066 0.00036464093746483336
9332.665330661323 0.00035620292652662063
9348.69739478958 0.00034406063643107606
9364.729458917836 0.0003548329272753055
9380.761523046092 0.0003593423521120302
9396.793587174348 0.00034518835243205285
9412.825651302606 0.0003352674584783369
9428.857715430862 0.00033181962371396607
9444.889779559118 0.0003405985389312752
9460.921843687376 0.0003201472645508207
9476.95390781563 0.00030964950166420747
9492.985971943888 0.00031464953089080594
9509.018036072144 0.00030482531755730803
9525.050100200402 0.00030866957231775777
9541.082164328658 0.0002949313832487556
9557.114228456914 0.0002892356618729732
9573.14629258517 0.00028343927162954527
9589.178356713426 0.0002865196938885523
9605.210420841684 0.00028005129125318923
9621.24248496994 0.00027195409784846867
9637.274549098198 0.00026884466384138753
9653.306613226452 0.0002722548343298369
9669.33867735471 0.0002579742009721966
9685.370741482966 0.00026389127590415714
9701.402805611222 0.0002537731878471913
9717.43486973948 0.00025237835831008146
9733.466933867736 0.0002485609820035252
9749.498997995992 0.00024376202898424744
9765.531062124248 0.00023525060140395517
9781.563126252506 0.00023369888681589433
9797.595190380762 0.00022679638447788565
9813.627254509018 0.0002352962630324483
9829.659318637276 0.0002244337401352288
9845.69138276553 0.000215294733954038
9861.723446893788 0.0002130410421522842
9877.755511022044 0.00020292192813380224
9893.787575150302 0.00020251822257489832
9909.819639278558 0.00019061864628651593
9925.851703406814 0.00019210290309204468
9941.88376753507 0.0001882139363051645
9957.915831663326 0.00018181808255367132
9973.947895791584 0.00018272137857519195
9989.97995991984 0.00018005460581400806
10006.012024048097 0.00017062332440297444
10022.044088176353 0.00016566717620339978
10038.07615230461 0.00016769441809595377
10054.108216432865 0.0001634683739753129
10070.140280561121 0.00015081915750647076
10086.17234468938 0.00014903913202939822
10102.204408817635 0.00014659540855284597
10118.236472945893 0.0001372719890024258
10134.268537074147 0.00013456844368180064
10150.300601202405 0.00012879589028254396
10166.332665330661 0.0001227256668236119
10182.364729458917 0.00012156974374277089
10198.396793587175 0.00011593964413582373
10214.428857715431 0.00011355908726874109
10230.460921843687 0.00010414050027217464
10246.492985971945 0.00010567493234024581
10262.525050100201 0.00010191084986808619
10278.557114228457 9.502484258097102e-05
10294.589178356713 9.590179932266455e-05
10310.621242484973 9.249095748271149e-05
10326.653306613225 8.692407208578075e-05
10342.685370741483 8.537887893659856e-05
10358.71743486974 8.257698100695646e-05
10374.749498997997 7.755114637337661e-05
10390.781563126253 7.62767152118045e-05
10406.813627254509 7.500368345737702e-05
10422.845691382765 6.862412566069548e-05
10438.877755511021 6.714983030004248e-05
10454.909819639279 6.339797587533088e-05
10470.941883767537 5.787509323691966e-05
10486.973947895793 5.475380598334658e-05
10503.006012024049 4.999477977032449e-05
10519.038076152305 4.8632164696720635e-05
10535.07014028056 4.430813867742585e-05
10551.102204408817 4.4006805056707217e-05
10567.134268537075 3.9633124078858155e-05
10583.166332665332 3.844638297872548e-05
10599.198396793585 3.567981160137329e-05
10615.230460921844 3.369846961386096e-05
10631.2625250501 3.093443304251677e-05
10647.294589178357 2.815123460469095e-05
10663.326653306613 2.6824265135965987e-05
10679.35871743487 2.5617270380378587e-05
10695.390781563126 2.4085804267785085e-05
10711.42284569138 2.221448057325203e-05
10727.45490981964 2.1229694333066024e-05
10743.486973947896 1.943906316250827e-05
10759.519038076152 1.7815638873506013e-05
10775.551102204408 1.6150647067312e-05
10791.583166332666 1.4392311330826205e-05
10807.615230460922 1.3304044618669079e-05
10823.647294589176 1.2711268132868452e-05
10839.679358717436 1.109578139835483e-05
10855.711422845692 9.697712003885165e-06
10871.743486973948 8.95356064431282e-06
10887.775551102204 7.669959500444327e-06
10903.807615230462 6.2101047405299435e-06
10919.839679358718 5.433437848195647e-06
10935.871743486972 4.492351368178918e-06
10951.903807615232 3.7089005194454725e-06
10967.935871743488 2.906937256346765e-06
10983.967935871742 2.0503932602272644e-06
11000.0 0.0
