A normalised
3000 0
3008.01 0
3016.02 0
3024.02 0
3032.03 0
3040.04 0
3048.05 0
3056.06 0
3064.06 0
3072.07 0
3080.08 0
3088.09 0
3096.1 0
3104.1 0
3112.11 0
3120.12 0
3128.13 0
3136.14 0
3144.14 0
3152.15 0
3160.16 0
3168.17 0
3176.18 0
3184.18 0
3192.19 0
3200.2 0
3208.21 0
3216.22 0
3224.22 0
3232.23 0
3240.24 0
3248.25 0
3256.26 0
3264.26 0
3272.27 0
3280.28 0
3288.29 0
3296.3 0
3304.3 0
3312.31 0
3320.32 0
3328.33 0
3336.34 0
3344.34 0
3352.35 0
3360.36 0
3368.37 0
3376.38 0
3384.38 0
3392.39 0
3400.4 0
3408.41 0
3416.42 0
3424.42 0
3432.43 0
3440.44 0
3448.45 0
3456.46 0
3464.46 0
3472.47 0
3480.48 0
3488.49 0
3496.5 0
3504.5 -4.77626e-07
3512.51 -2.92855e-07
3520.52 -1.3734e-07
3528.53 -6.69138e-07
3536.54 -3.68832e-07
3544.54 -1.27828e-07
3552.55 -9.22135e-08
3560.56 -8.17092e-08
3568.57 -4.7185e-07
3576.58 -2.7331e-07
3584.58 -1.78032e-07
3592.59 -2.60574e-07
3600.6 -3.41388e-07
3608.61 -6.85461e-07
3616.62 -5.04222e-07
3624.62 -5.24067e-07
3632.63 -6.73341e-07
3640.64 -5.7831e-07
3648.65 -3.90638e-07
3656.66 -1.1485e-06
3664.66 -9.82475e-07
3672.67 -4.79534e-07
3680.68 -9.17586e-07
3688.69 -2.45856e-07
3696.7 -4.01695e-07
3704.7 -3.50919e-07
3712.71 -1.10674e-07
3720.72 -5.27769e-08
3728.73 -1.79808e-07
3736.74 -2.10833e-07
3744.74 -9.28118e-08
3752.75 3.18806e-08
3760.76 -6.9139e-08
3768.77 -6.99779e-07
3776.78 -2.37953e-07
3784.78 -1.16104e-07
3792.79 -3.20893e-07
3800.8 -4.60121e-07
3808.81 -8.74696e-07
3816.82 -1.06583e-07
3824.82 3.0396e-07
3832.83 3.95991e-09
3840.84 -7.51152e-07
3848.85 -1.98778e-07
3856.86 4.11578e-07
3864.86 8.76335e-08
3872.87 -5.57694e-09
3880.88 1.42817e-06
3888.89 2.4074e-06
3896.9 6.14879e-06
3904.9 2.47691e-05
3912.91 0.000101822
3920.92 0.000419612
3928.93 0.00193542
3936.94 0.0119258
3944.94 0.0411704
3952.95 0.0979852
3960.96 0.186471
3968.97 0.298944
3976.98 0.396399
3984.98 0.46556
3992.99 0.508477
4001 0.53166
4009.01 0.543022
4017.02 0.549872
4025.03 0.556062
4033.03 0.56271
4041.04 0.570415
4049.05 0.578759
4057.06 0.586588
4065.07 0.594418
4073.07 0.602147
4081.08 0.609794
4089.09 0.615929
4097.1 0.620871
4105.11 0.626294
4113.11 0.632563
4121.12 0.639156
4129.13 0.643938
4137.14 0.646369
4145.15 0.648717
4153.15 0.65245
4161.16 0.658696
4169.17 0.666685
4177.18 0.673229
4185.19 0.677999
4193.19 0.681907
4201.2 0.685777
4209.21 0.69099
4217.22 0.696458
4225.23 0.701101
4233.23 0.70543
4241.24 0.709836
4249.25 0.715166
4257.26 0.718721
4265.27 0.721645
4273.27 0.723272
4281.28 0.72345
4289.29 0.723069
4297.3 0.724734
4305.31 0.728392
4313.31 0.733226
4321.32 0.738115
4329.33 0.741394
4337.34 0.741851
4345.35 0.741552
4353.35 0.741681
4361.36 0.743114
4369.37 0.746306
4377.38 0.749884
4385.39 0.752775
4393.39 0.754815
4401.4 0.75616
4409.41 0.757562
4417.42 0.760086
4425.43 0.763315
4433.43 0.766597
4441.44 0.769362
4449.45 0.771235
4457.46 0.772384
4465.47 0.77374
4473.47 0.775858
4481.48 0.778869
4489.49 0.782247
4497.5 0.785294
4505.51 0.786996
4513.51 0.787216
4521.52 0.78732
4529.53 0.787724
4537.54 0.788528
4545.55 0.789228
4553.55 0.789588
4561.56 0.789394
4569.57 0.788368
4577.58 0.787377
4585.59 0.787212
4593.59 0.788036
4601.6 0.789865
4609.61 0.792605
4617.62 0.794854
4625.63 0.796134
4633.63 0.79633
4641.64 0.795678
4649.65 0.794934
4657.66 0.795088
4665.67 0.796234
4673.67 0.798021
4681.68 0.799942
4689.69 0.801259
4697.7 0.800809
4705.71 0.799356
4713.71 0.797367
4721.72 0.795457
4729.73 0.794514
4737.74 0.795104
4745.75 0.796775
4753.75 0.798711
4761.76 0.800692
4769.77 0.802251
4777.78 0.80273
4785.79 0.802639
4793.79 0.802329
4801.8 0.80212
4809.81 0.802299
4817.82 0.802841
4825.83 0.803393
4833.83 0.803626
4841.84 0.803321
4849.85 0.802387
4857.86 0.801386
4865.87 0.800745
4873.87 0.800676
4881.88 0.80131
4889.89 0.802397
4897.9 0.803054
4905.91 0.802645
4913.91 0.801092
4921.92 0.798476
4929.93 0.795036
4937.94 0.791896
4945.95 0.790033
4953.95 0.789784
4961.96 0.791273
4969.97 0.794416
4977.98 0.798393
4985.99 0.801903
4993.99 0.804217
5002 0.805016
5010.01 0.804047
5018.02 0.801305
5026.03 0.798769
5034.03 0.796896
5042.04 0.796064
5050.05 0.796563
5058.06 0.79797
5066.07 0.799189
5074.07 0.799724
5082.08 0.799275
5090.09 0.797726
5098.1 0.795206
5106.11 0.792998
5114.11 0.791363
5122.12 0.790635
5130.13 0.790749
5138.14 0.791179
5146.15 0.790861
5154.15 0.789494
5162.16 0.786861
5170.17 0.782863
5178.18 0.778557
5186.19 0.774841
5194.19 0.77238
5202.2 0.771516
5210.21 0.772307
5218.22 0.774277
5226.23 0.775447
5234.23 0.774711
5242.24 0.771234
5250.25 0.764522
5258.26 0.753938
5266.27 0.742362
5274.27 0.731772
5282.28 0.723578
5290.29 0.719101
5298.3 0.72036
5306.31 0.725769
5314.31 0.733831
5322.32 0.742998
5330.33 0.75152
5338.34 0.756826
5346.35 0.758676
5354.35 0.757788
5362.36 0.754879
5370.37 0.751224
5378.38 0.7486
5386.39 0.74755
5394.39 0.747352
5402.4 0.747241
5410.41 0.746322
5418.42 0.74277
5426.43 0.736861
5434.43 0.729624
5442.44 0.722245
5450.45 0.716169
5458.46 0.713235
5466.47 0.71147
5474.47 0.706865
5482.48 0.695007
5490.49 0.671078
5498.5 0.625278
5506.51 0.561233
5514.51 0.485277
5522.52 0.402685
5530.53 0.319405
5538.54 0.247176
5546.55 0.185938
5554.55 0.135481
5562.56 0.0957197
5570.57 0.0660388
5578.58 0.0461749
5586.59 0.0323682
5594.59 0.0226791
5602.6 0.0160649
5610.61 0.0116379
5618.62 0.00880931
5626.63 0.006762
5634.63 0.00525203
5642.64 0.0041486
5650.65 0.00333806
5658.66 0.00275576
5666.67 0.00229915
5674.67 0.00192733
5682.68 0.00162256
5690.69 0.00137042
5698.7 0.0011572
5706.71 0.00097131
5714.71 0.000808423
5722.72 0.000667358
5730.73 0.000546571
5738.74 0.000444438
5746.75 0.000365454
5754.75 0.000300438
5762.76 0.000247195
5770.77 0.000204829
5778.78 0.000172547
5786.79 0.000147494
5794.79 0.000126648
5802.8 0.00010973
5810.81 9.66796e-05
5818.82 8.53049e-05
5826.83 7.80547e-05
5834.83 7.1187e-05
5842.84 6.46897e-05
5850.85 5.9263e-05
5858.86 5.39339e-05
5866.87 5.03058e-05
5874.87 4.65124e-05
5882.88 4.25073e-05
5890.89 3.86743e-05
5898.9 3.51903e-05
5906.91 3.18871e-05
5914.91 2.89346e-05
5922.92 2.63273e-05
5930.93 2.38472e-05
5938.94 2.04407e-05
5946.95 1.79954e-05
5954.95 1.63659e-05
5962.96 1.49894e-05
5970.97 1.33407e-05
5978.98 1.1654e-05
5986.99 1.12008e-05
5994.99 9.94542e-06
6003 8.63326e-06
6011.01 8.38255e-06
6019.02 9.35869e-06
6027.03 7.609e-06
6035.04 7.31199e-06
6043.04 7.18698e-06
6051.05 5.83444e-06
6059.06 6.06835e-06
6067.07 6.57517e-06
6075.08 6.22797e-06
6083.08 5.96897e-06
6091.09 6.42193e-06
6099.1 5.34701e-06
6107.11 5.20094e-06
6115.12 4.90329e-06
6123.12 4.40217e-06
6131.13 3.99677e-06
6139.14 4.65511e-06
6147.15 4.06167e-06
6155.16 3.31463e-06
6163.16 3.04559e-06
6171.17 3.24803e-06
6179.18 1.93698e-06
6187.19 2.21462e-06
6195.2 2.23103e-06
6203.2 2.13471e-06
6211.21 2.07958e-06
6219.22 1.20677e-06
6227.23 1.07711e-06
6235.24 1.67508e-06
6243.24 1.73508e-06
6251.25 8.1295e-07
6259.26 1.51609e-06
6267.27 1.29729e-06
6275.28 1.01705e-06
6283.28 8.49429e-07
6291.29 9.00081e-07
6299.3 1.36876e-06
6307.31 1.99147e-06
6315.32 2.08692e-06
6323.32 1.8429e-06
6331.33 1.54994e-06
6339.34 1.47934e-06
6347.35 1.46794e-06
6355.36 2.0119e-06
6363.36 2.17873e-06
6371.37 1.50121e-06
6379.38 1.03409e-06
6387.39 5.01255e-07
6395.4 8.94974e-07
6403.4 1.38512e-06
6411.41 1.4286e-06
6419.42 1.59166e-06
6427.43 8.46307e-07
6435.44 3.1052e-07
6443.44 3.99102e-07
6451.45 8.97025e-07
6459.46 3.24143e-07
6467.47 4.84385e-08
6475.48 2.30227e-07
6483.48 5.92272e-07
6491.49 8.27981e-07
6499.5 6.25848e-07
6507.51 4.32941e-07
6515.52 6.82756e-07
6523.52 9.1498e-07
6531.53 7.86685e-07
6539.54 2.93056e-07
6547.55 8.91713e-07
6555.56 9.91541e-07
6563.56 7.28541e-07
6571.57 4.06179e-07
6579.58 4.21613e-07
6587.59 1.54312e-07
6595.6 2.33924e-07
6603.6 4.87774e-07
6611.61 6.15125e-07
6619.62 1.52695e-07
6627.63 2.11494e-07
6635.64 -1.04069e-07
6643.64 -2.56065e-07
6651.65 -5.67123e-08
6659.66 -2.00691e-08
6667.67 -3.82723e-07
6675.68 -3.42196e-07
6683.68 -4.74071e-08
6691.69 1.59031e-07
6699.7 -3.19137e-07
6707.71 -3.83004e-07
6715.72 2.66768e-07
6723.72 4.13492e-07
6731.73 -1.41909e-07
6739.74 -4.94601e-09
6747.75 1.10024e-06
6755.76 4.33576e-07
6763.76 -1.20645e-07
6771.77 2.58021e-07
6779.78 7.01137e-07
6787.79 -3.56669e-07
6795.8 4.47904e-07
6803.8 4.53472e-07
6811.81 -8.45076e-07
6819.82 -9.22652e-07
6827.83 -1.38471e-07
6835.84 -7.01603e-07
6843.84 -8.78892e-07
6851.85 -4.46654e-07
6859.86 -1.15371e-06
6867.87 -1.1327e-06
6875.88 -4.8064e-07
6883.88 -6.2657e-07
6891.89 -1.41252e-06
6899.9 -8.07701e-07
6907.91 -4.21136e-07
6915.92 -3.65044e-07
6923.92 -5.27046e-07
6931.93 -5.3824e-07
6939.94 2.52503e-07
6947.95 -1.02983e-07
6955.96 -4.85462e-07
6963.96 -1.21105e-07
6971.97 4.83652e-07
6979.98 -4.8486e-07
6987.99 -4.62779e-07
6996 -1.71272e-07
7004 -4.87597e-07
7012.01 -1.15507e-06
7020.02 -8.21757e-07
7028.03 -2.52755e-07
7036.04 -7.51318e-07
7044.04 -1.03994e-06
7052.05 -7.6033e-07
7060.06 -4.06727e-07
7068.07 -3.58732e-07
7076.08 -8.09998e-07
7084.08 -9.2267e-07
7092.09 -5.76543e-07
7100.1 -2.83171e-07
7108.11 -8.75561e-07
7116.12 -7.64237e-07
7124.12 -7.37032e-07
7132.13 -6.75248e-07
7140.14 2.24982e-07
7148.15 -2.40955e-07
7156.16 -3.99126e-07
7164.16 -2.00866e-07
7172.17 -1.15006e-07
7180.18 -9.42892e-07
7188.19 -3.75566e-07
7196.2 -4.75269e-07
7204.2 -2.61396e-07
7212.21 6.92442e-08
7220.22 -4.53668e-07
7228.23 -2.31458e-08
7236.24 1.73954e-07
7244.24 -7.64505e-08
7252.25 -2.97193e-07
7260.26 4.14578e-07
7268.27 1.29541e-06
7276.28 6.29024e-07
7284.28 2.08702e-07
7292.29 3.59881e-07
7300.3 5.1913e-07
7308.31 1.26803e-06
7316.32 9.23314e-07
7324.32 7.71942e-07
7332.33 9.87078e-07
7340.34 1.09492e-06
7348.35 1.10269e-06
7356.36 1.31084e-06
7364.36 1.5505e-06
7372.37 1.87318e-06
7380.38 2.44988e-06
7388.39 3.40903e-06
7396.4 3.71302e-06
7404.4 4.23499e-06
7412.41 4.89864e-06
7420.42 5.19857e-06
7428.43 5.91457e-06
7436.44 6.42301e-06
7444.44 6.71412e-06
7452.45 6.88905e-06
7460.46 7.14433e-06
7468.47 8.07659e-06
7476.48 8.36246e-06
7484.48 8.55826e-06
7492.49 8.77414e-06
7500.5 8.95434e-06
7508.51 9.51596e-06
7516.52 8.6161e-06
7524.52 7.91724e-06
7532.53 7.44723e-06
7540.54 6.62395e-06
7548.55 6.16571e-06
7556.56 6.04702e-06
7564.56 5.2703e-06
7572.57 4.1412e-06
7580.58 3.4524e-06
7588.59 3.17055e-06
7596.6 3.09633e-06
7604.6 2.89343e-06
7612.61 2.57476e-06
7620.62 2.27098e-06
7628.63 1.88945e-06
7636.64 1.58467e-06
7644.64 1.89422e-06
7652.65 2.19411e-06
7660.66 1.63734e-06
7668.67 1.30675e-06
7676.68 1.11521e-06
7684.68 1.38396e-06
7692.69 1.65005e-06
7700.7 1.32789e-06
7708.71 1.1166e-06
7716.72 9.47418e-07
7724.72 8.88545e-07
7732.73 1.08314e-06
7740.74 1.54294e-06
7748.75 1.18137e-06
7756.76 1.0599e-06
7764.76 7.08249e-07
7772.77 5.20897e-07
7780.78 9.07156e-07
7788.79 5.55167e-07
7796.8 9.32036e-07
7804.8 7.63981e-07
7812.81 3.33576e-07
7820.82 3.20781e-07
7828.83 1.02734e-06
7836.84 4.11167e-07
7844.84 2.17489e-07
7852.85 1.80247e-07
7860.86 -2.18315e-07
7868.87 2.7686e-07
7876.88 2.91939e-07
7884.88 9.12648e-08
7892.89 -1.55233e-07
7900.9 -3.2768e-07
7908.91 -4.85805e-07
7916.92 4.37542e-10
7924.92 -3.42399e-08
7932.93 -4.28154e-07
7940.94 -7.1066e-07
7948.95 -5.00223e-07
7956.96 -4.75047e-07
7964.96 -4.236e-07
7972.97 -7.29495e-07
7980.98 -1.49537e-06
7988.99 -8.80512e-07
7997 6.95472e-05
8005.01 9.922e-05
8013.01 9.86665e-05
8021.02 9.80752e-05
8029.03 9.80629e-05
8037.04 9.73596e-05
8045.05 9.68768e-05
8053.05 9.66836e-05
8061.06 9.62859e-05
8069.07 9.34915e-05
8077.08 9.43639e-05
8085.09 9.55879e-05
8093.09 9.52933e-05
8101.1 9.32081e-05
8109.11 9.41496e-05
8117.12 9.2931e-05
8125.13 9.39861e-05
8133.13 9.48027e-05
8141.14 9.27532e-05
8149.15 8.88078e-05
8157.16 8.93566e-05
8165.17 8.94885e-05
8173.17 8.8671e-05
8181.18 8.75872e-05
8189.19 8.8724e-05
8197.2 8.93309e-05
8205.21 8.98959e-05
8213.21 8.88423e-05
8221.22 8.5611e-05
8229.23 8.36216e-05
8237.24 8.24259e-05
8245.25 8.25639e-05
8253.25 8.08168e-05
8261.26 7.69895e-05
8269.27 8.10382e-05
8277.28 7.89243e-05
8285.29 7.88342e-05
8293.29 8.01989e-05
8301.3 8.16438e-05
8309.31 8.27349e-05
8317.32 8.42759e-05
8325.33 8.14256e-05
8333.33 7.93945e-05
8341.34 8.07985e-05
8349.35 7.83146e-05
8357.36 7.93853e-05
8365.37 7.7601e-05
8373.37 7.74901e-05
8381.38 8.02295e-05
8389.39 7.56382e-05
8397.4 7.66114e-05
8405.41 7.62171e-05
8413.41 7.73192e-05
8421.42 7.98729e-05
8429.43 7.45438e-05
8437.44 7.34949e-05
8445.45 7.2349e-05
8453.45 7.27683e-05
8461.46 7.54744e-05
8469.47 7.80964e-05
8477.48 7.57803e-05
8485.49 7.27226e-05
8493.49 7.1749e-05
8501.5 7.34502e-05
8509.51 7.41806e-05
8517.52 7.47112e-05
8525.53 7.28089e-05
8533.53 7.17089e-05
8541.54 7.23659e-05
8549.55 7.05124e-05
8557.56 7.06922e-05
8565.57 7.09808e-05
8573.57 7.05128e-05
8581.58 6.94628e-05
8589.59 6.98086e-05
8597.6 6.92386e-05
8605.61 7.119e-05
8613.61 7.25618e-05
8621.62 7.153e-05
8629.63 6.89751e-05
8637.64 7.0788e-05
8645.65 6.96253e-05
8653.65 6.8158e-05
8661.66 6.77286e-05
8669.67 6.66874e-05
8677.68 6.58579e-05
8685.69 6.78676e-05
8693.69 6.86364e-05
8701.7 6.71522e-05
8709.71 6.75273e-05
8717.72 6.46664e-05
8725.73 6.40277e-05
8733.73 6.48503e-05
8741.74 6.54987e-05
8749.75 6.33605e-05
8757.76 6.30344e-05
8765.77 6.19049e-05
8773.77 6.16266e-05
8781.78 6.21186e-05
8789.79 6.06985e-05
8797.8 6.2591e-05
8805.81 5.99063e-05
8813.81 5.81503e-05
8821.82 5.89948e-05
8829.83 5.88261e-05
8837.84 5.58693e-05
8845.85 5.74058e-05
8853.85 5.87124e-05
8861.86 5.80457e-05
8869.87 5.74976e-05
8877.88 5.69003e-05
8885.89 5.64333e-05
8893.89 5.55832e-05
8901.9 5.45399e-05
8909.91 5.43007e-05
8917.92 5.274e-05
8925.93 5.22143e-05
8933.93 5.18069e-05
8941.94 5.11512e-05
8949.95 5.05093e-05
8957.96 4.97102e-05
8965.97 5.13791e-05
8973.97 5.20931e-05
8981.98 5.0424e-05
8989.99 4.69628e-05
8998 4.67314e-05
9006.01 4.68106e-05
9014.01 4.71356e-05
9022.02 4.71909e-05
9030.03 4.60578e-05
9038.04 4.72714e-05
9046.05 4.54952e-05
9054.05 4.37375e-05
9062.06 4.32757e-05
9070.07 4.38347e-05
9078.08 4.28994e-05
9086.09 4.19152e-05
9094.09 4.18444e-05
9102.1 4.25273e-05
9110.11 4.28282e-05
9118.12 4.09356e-05
9126.13 3.90527e-05
9134.13 3.86075e-05
9142.14 3.92354e-05
9150.15 3.91809e-05
9158.16 3.77668e-05
9166.17 3.72426e-05
9174.17 3.6579e-05
9182.18 3.54983e-05
9190.19 3.43244e-05
9198.2 3.54516e-05
9206.21 3.51998e-05
9214.21 3.44192e-05
9222.22 3.36986e-05
9230.23 3.33875e-05
9238.24 3.14125e-05
9246.25 3.15959e-05
9254.25 3.06789e-05
9262.26 2.95616e-05
9270.27 3.22893e-05
9278.28 3.17033e-05
9286.29 3.19345e-05
9294.29 3.23153e-05
9302.3 3.21591e-05
9310.31 3.08795e-05
9318.32 3.06846e-05
9326.33 3.07081e-05
9334.33 3.05945e-05
9342.34 3.05243e-05
9350.35 3.08691e-05
9358.36 2.9419e-05
9366.37 2.99645e-05
9374.37 3.00592e-05
9382.38 2.93984e-05
9390.39 2.89194e-05
9398.4 3.02941e-05
9406.41 3.01933e-05
9414.41 2.91158e-05
9422.42 2.87724e-05
9430.43 3.10552e-05
9438.44 3.00005e-05
9446.45 2.95406e-05
9454.45 2.97131e-05
9462.46 3.03185e-05
9470.47 3.08398e-05
9478.48 2.84148e-05
9486.49 2.84589e-05
9494.49 2.85209e-05
9502.5 2.84521e-05
9510.51 2.89613e-05
9518.52 2.81663e-05
9526.53 2.7865e-05
9534.53 2.80928e-05
9542.54 2.80567e-05
9550.55 2.69215e-05
9558.56 2.63947e-05
9566.57 2.5359e-05
9574.57 2.53414e-05
9582.58 2.5581e-05
9590.59 2.47258e-05
9598.6 2.48302e-05
9606.61 2.38815e-05
9614.61 2.36505e-05
9622.62 2.40457e-05
9630.63 2.43341e-05
9638.64 2.44773e-05
9646.65 2.37222e-05
9654.65 2.31063e-05
9662.66 2.22221e-05
9670.67 2.05915e-05
9678.68 2.12801e-05
9686.69 2.06094e-05
9694.69 2.04886e-05
9702.7 2.0629e-05
9710.71 2.02362e-05
9718.72 2.01847e-05
9726.73 1.92498e-05
9734.73 1.88679e-05
9742.74 1.86758e-05
9750.75 1.79954e-05
9758.76 1.78308e-05
9766.77 1.77886e-05
9774.77 1.79467e-05
9782.78 1.76837e-05
9790.79 1.65725e-05
9798.8 1.66434e-05
9806.81 1.61146e-05
9814.81 1.60963e-05
9822.82 1.5894e-05
9830.83 1.47917e-05
9838.84 1.51045e-05
9846.85 1.51031e-05
9854.85 1.47188e-05
9862.86 1.45154e-05
9870.87 1.48787e-05
9878.88 1.42867e-05
9886.89 1.39833e-05
9894.89 1.38795e-05
9902.9 1.38823e-05
9910.91 1.38465e-05
9918.92 1.33678e-05
9926.93 1.30965e-05
9934.93 1.31046e-05
9942.94 1.29676e-05
9950.95 1.24215e-05
9958.96 1.24927e-05
9966.97 1.23798e-05
9974.97 1.21126e-05
9982.98 1.18826e-05
9990.99 1.18673e-05
9999 1.14558e-05
10007 1.13119e-05
10015 1.13306e-05
10023 1.14296e-05
10031 1.15154e-05
10039 1.14428e-05
10047 1.12026e-05
10055.1 1.12956e-05
10063.1 1.13874e-05
10071.1 1.11068e-05
10079.1 1.0546e-05
10087.1 1.10242e-05
10095.1 1.09075e-05
10103.1 1.04833e-05
10111.1 1.02709e-05
10119.1 1.0368e-05
10127.1 9.80044e-06
10135.1 9.8611e-06
10143.1 1.00084e-05
10151.2 9.75054e-06
10159.2 9.8045e-06
10167.2 9.95414e-06
10175.2 9.6735e-06
10183.2 9.49799e-06
10191.2 9.75424e-06
10199.2 9.54212e-06
10207.2 9.87264e-06
10215.2 9.67129e-06
10223.2 9.35115e-06
10231.2 9.26101e-06
10239.2 8.87559e-06
10247.2 9.06078e-06
10255.3 9.00326e-06
10263.3 8.8737e-06
10271.3 8.77716e-06
10279.3 8.22538e-06
10287.3 8.15573e-06
10295.3 8.08101e-06
10303.3 7.98349e-06
10311.3 7.8729e-06
10319.3 7.68119e-06
10327.3 7.02257e-06
10335.3 6.93668e-06
10343.3 6.98461e-06
10351.4 6.81796e-06
10359.4 6.65207e-06
10367.4 6.32918e-06
10375.4 6.15693e-06
10383.4 6.02681e-06
10391.4 5.82763e-06
10399.4 5.5165e-06
10407.4 5.647e-06
10415.4 5.42598e-06
10423.4 5.05842e-06
10431.4 4.7843e-06
10439.4 4.76435e-06
10447.4 4.53777e-06
10455.5 4.3242e-06
10463.5 4.11486e-06
10471.5 3.93145e-06
10479.5 3.89467e-06
10487.5 3.59158e-06
10495.5 3.41782e-06
10503.5 3.24077e-06
10511.5 3.00619e-06
10519.5 2.84157e-06
10527.5 2.6462e-06
10535.5 2.63518e-06
10543.5 2.64951e-06
10551.6 2.62071e-06
10559.6 2.59788e-06
10567.6 2.38885e-06
10575.6 2.35472e-06
10583.6 2.28743e-06
10591.6 2.12284e-06
10599.6 2.08511e-06
10607.6 2.04569e-06
10615.6 2.0333e-06
10623.6 1.98857e-06
10631.6 1.90007e-06
10639.6 1.8334e-06
10647.6 1.83597e-06
10655.7 1.75041e-06
10663.7 1.67415e-06
10671.7 1.64872e-06
10679.7 1.59123e-06
10687.7 1.61422e-06
10695.7 1.59846e-06
10703.7 1.54121e-06
10711.7 1.46551e-06
10719.7 1.42336e-06
10727.7 1.37125e-06
10735.7 1.36107e-06
10743.7 1.34743e-06
10751.8 1.30202e-06
10759.8 1.22037e-06
10767.8 1.15116e-06
10775.8 1.12269e-06
10783.8 1.07067e-06
10791.8 1.0014e-06
10799.8 1.02574e-06
10807.8 1.04639e-06
10815.8 1.08566e-06
10823.8 1.11407e-06
10831.8 1.12527e-06
10839.8 1.15128e-06
10847.8 1.21131e-06
10855.9 1.19904e-06
10863.9 1.18293e-06
10871.9 1.20377e-06
10879.9 1.25875e-06
10887.9 1.28442e-06
10895.9 1.30513e-06
10903.9 1.32144e-06
10911.9 1.34648e-06
10919.9 1.41003e-06
10927.9 0
10935.9 0
10943.9 0
10952 0
10960 0
10968 0
10976 0
10984 0
10992 0
11000 0
