350.0 -2.2487494554047095e-06
351.50300601202406 -1.284847649983196e-06
353.0060120240481 -1.5461395658426415e-06
354.5090180360721 -7.026105088590086e-07
356.0120240480962 -9.142391811992447e-07
357.51503006012024 -1.155330511060294e-06
359.0180360721443 -1.3728708282467448e-06
360.52104208416836 -1.2872508008497858e-06
362.02404809619236 -6.527006782549917e-07
363.5270541082164 -7.471154326326304e-07
365.0300601202405 -1.1720949117851024e-06
366.53306613226454 -1.6262737234240171e-06
368.0360721442886 -1.4597313763634496e-06
369.5390781563126 -1.5316035508802064e-06
371.04208416833666 -1.978436351680229e-06
372.5450901803607 -9.628473021686747e-07
374.0480961923848 -1.0749189730113509e-06
375.55110220440883 -1.1144747175346277e-06
377.05410821643284 -1.8696442753944421e-06
378.5571142284569 -1.0338139140021045e-06
380.06012024048096 -2.170870526656647e-06
381.563126252505 -8.245618537079523e-07
383.0661322645291 -6.959647487410641e-07
384.5691382765531 -6.972678208783577e-07
386.07214428857714 5.993449540172803e-08
387.5751503006012 1.8429300719863598e-05
389.07815631262525 0.00017959139419027092
390.5811623246493 0.0008821810417099248
392.0841683366733 0.0018294587861416485
393.5871743486974 0.0027058751635942353
395.09018036072143 0.003965965812256287
396.5931863727455 0.006142278220206385
398.09619238476955 0.009208728980651974
399.59919839679355 0.012998608151684314
401.1022044088176 0.017668453038054786
402.6052104208417 0.025179469726888642
404.10821643286573 0.03772508189881567
405.6112224448898 0.05887198563173762
407.11422845691385 0.0882611777525006
408.61723446893785 0.1258310385066183
410.1202404809619 0.17548687178351025
411.62324649298597 0.2557321277919879
413.12625250501003 0.3771866236990384
414.62925851703403 0.5262245831716997
416.13226452905815 0.646638646244278
417.63527054108215 0.7085615262759319
419.1382765531062 0.7437413140176037
420.64128256513027 0.780202459110209
422.14428857715427 0.8211721539645834
423.6472945891784 0.8558354842125581
425.1503006012024 0.8776272474571846
426.65330661322645 0.8881939328655849
428.1563126252505 0.8930343588347807
429.65931863727457 0.8929650785670697
431.1623246492986 0.8885744094808328
432.6653306613226 0.882341972208886
434.1683366733467 0.8786268893962939
435.67134268537075 0.8818278688571632
437.1743486973948 0.8912336206656101
438.67735470941886 0.9015106661405217
440.18036072144287 0.9066305878845978
441.6833667334669 0.9045307206803618
443.186372745491 0.8987365248717638
444.68937875751504 0.8938106487835518
446.1923847695391 0.8929050856191906
447.6953907815631 0.8949580368766189
449.19839679358716 0.8962513469625776
450.7014028056112 0.8945779432796985
452.2044088176353 0.8903207154392198
453.70741482965934 0.8858388315662536
455.21042084168334 0.883476536016293
456.7134268537074 0.8837987764908011
458.21643286573146 0.8856088333865758
459.7194388777555 0.8871433392008036
461.2224448897796 0.8872836130599627
462.7254509018036 0.886703196308409
464.22845691382764 0.8861506698681277
465.7314629258517 0.8856666757650105
467.23446893787576 0.884379904754318
468.7374749498998 0.8814671028492942
470.2404809619238 0.8771325297944007
471.7434869739479 0.87287482114377
473.24649298597194 0.8709941030788608
474.749498997996 0.8726495632849982
476.25250501002006 0.877482814423822
477.75551102204406 0.8831031152815453
479.2585170340681 0.8859744910276044
480.7615230460922 0.884199169592339
482.26452905811624 0.8782340756587715
483.7675350701403 0.8709889885881611
485.2705410821643 0.8659636942728095
486.77354709418836 0.8652640961533297
488.2765531062124 0.8690189389975407
489.7795591182365 0.874663501675739
491.28256513026054 0.8784632015842724
492.78557114228454 0.8778815520460629
494.2885771543086 0.8723265700642965
495.79158316633266 0.8644276803424504
497.2945891783567 0.8577035083195301
498.7975951903808 0.8547770081663312
500.3006012024048 0.8571712420214991
501.8036072144289 0.8639920037819607
503.3066132264529 0.8720035067274037
504.80961923847696 0.8777258712699136
506.312625250501 0.8783099564821963
507.815631262525 0.8735606434692184
509.31863727454913 0.8654677584331635
510.82164328657313 0.8575832934258546
512.3246492985973 0.8533365723982033
513.8276553106213 0.853768785142396
515.3306613226453 0.8583757081216046
516.8336673346694 0.8643135461854757
518.3366733466934 0.8682763977732326
519.8396793587174 0.8678738288189058
521.3426853707415 0.8613398808376261
522.8456913827655 0.8505579975432974
524.3486973947896 0.8385568785826301
525.8517034068136 0.8284611443880258
527.3547094188377 0.8236363189863335
528.8577154308617 0.8249506390082364
530.3607214428857 0.832838561167631
531.8637274549098 0.8447066151570838
533.3667334669339 0.8574632651759239
534.8697394789579 0.8678593373338344
536.372745490982 0.872885629825423
537.875751503006 0.8720233534692603
539.3787575150301 0.8660068960998973
540.8817635270541 0.8576063895121321
542.3847695390782 0.849343217862865
543.8877755511022 0.8433658720548235
545.3907815631262 0.8415365509306809
546.8937875751503 0.8437745806504325
548.3967935871743 0.849434732283787
549.8997995991983 0.8566919988067867
551.4028056112224 0.8636921720444445
552.9058116232464 0.868888621626529
554.4088176352706 0.8708928573269977
555.9118236472946 0.8701618125567505
557.4148296593187 0.8673438279682638
558.9178356713427 0.8638323389302627
560.4208416833667 0.8612019555741746
561.9238476953908 0.8600660999442717
563.4268537074148 0.861028648204631
564.9298597194388 0.863712137749691
566.4328657314629 0.8676821844365432
567.9358717434869 0.8718641923157843
569.438877755511 0.875225588914393
570.941883767535 0.8771960228467192
572.4448897795592 0.8771087597577942
573.9478957915832 0.8753534256612788
575.4509018036072 0.872537187838949
576.9539078156313 0.8693271142944189
578.4569138276553 0.8667628184130522
579.9599198396793 0.8650704361732426
581.4629258517034 0.8648789406156693
582.9659318637274 0.8659506176776525
584.4689378757515 0.8681571324652406
585.9719438877755 0.8708532781581185
587.4749498997996 0.8735060812611293
588.9779559118236 0.8756087335038761
590.4809619238476 0.8768150193375601
591.9839679358718 0.8771513283098317
593.4869739478958 0.8764049612359089
594.9899799599198 0.8752439781381024
596.4929859719439 0.8738159828698029
597.995991983968 0.8725963504351962
599.498997995992 0.8718902418954493
601.002004008016 0.8717323207152436
602.5050100200401 0.8722886304345645
604.0080160320641 0.8732051977837081
605.5110220440881 0.8742081704978718
607.0140280561122 0.8752346439054021
608.5170340681362 0.8757565635578092
610.0200400801602 0.8759135456691637
611.5230460921844 0.8755937514751557
613.0260521042085 0.8750872113236015
614.5290581162325 0.8744861358553616
616.0320641282565 0.8741634965914385
617.5350701402806 0.8741735779920591
619.0380761523046 0.8748958397921694
620.5410821643286 0.8763382738715896
622.0440881763527 0.8784823984815687
623.5470941883767 0.8811191971697154
625.0501002004007 0.8838280813536732
626.5531062124248 0.8862605684384697
628.056112224449 0.8883779293154236
629.559118236473 0.889800859350287
631.062124248497 0.8905771447408454
632.5651302605211 0.8906193339655408
634.0681362725451 0.8901060023833537
635.5711422845691 0.8892778451410064
637.0741482965932 0.8885957753075361
638.5771543086172 0.888315077487435
640.0801603206412 0.8884616489410688
641.5831663326653 0.8894220775904956
643.0861723446894 0.8909170545679079
644.5891783567134 0.8930273427348011
646.0921843687374 0.8954664535510528
647.5951903807616 0.897679490896957
649.0981963927856 0.8995687400859336
650.6012024048096 0.9008771228980723
652.1042084168337 0.9014709801651634
653.6072144288578 0.9012351426087709
655.1102204408817 0.9004475467581403
656.6132264529058 0.8993228200562197
658.1162324649299 0.8983260988406039
659.6192384769539 0.8976353152633535
661.1222444889779 0.8977857887219272
662.625250501002 0.8988141210960066
664.128256513026 0.9007072391740902
665.63126252505 0.9031317206151532
667.1342685370741 0.9056630003226487
668.6372745490983 0.9076240405404483
670.1402805611222 0.9083088812169126
671.6432865731463 0.9071745780520151
673.1462925851704 0.9041212545043062
674.6492985971944 0.8987439889881429
676.1523046092184 0.8918067123762344
677.6553106212425 0.8842121046266632
679.1583166332665 0.8772281379370999
680.6613226452905 0.8722188359987221
682.1643286573146 0.8705484024408362
683.6673346693387 0.8733513023669578
685.1703406813626 0.8802681183140432
686.6733466933867 0.8908316007889449
688.1763527054109 0.9021702524945442
689.6793587174349 0.9087763817443861
691.1823647294589 0.9030952997271331
692.685370741483 0.8750209169805476
694.188376753507 0.8175505115804316
695.691382765531 0.7282817622237685
697.1943887775551 0.6186749092464718
698.6973947895792 0.5014205166516249
700.2004008016031 0.3926238748823491
701.7034068136272 0.300461702517576
703.2064128256513 0.22606154978940743
704.7094188376753 0.1694763970812075
706.2124248496993 0.12714803924457532
707.7154308617235 0.09575228109452083
709.2184368737475 0.07231782485650261
710.7214428857715 0.054844287164965144
712.2244488977956 0.04185616403909617
713.7274549098197 0.03224392120299318
715.2304609218437 0.024684150434677084
716.7334669338677 0.01900307936762002
718.2364729458918 0.014619680439616409
719.7394789579158 0.011312915792879798
721.2424849699398 0.008782499373107983
722.7454909819639 0.006841832232514917
724.2484969939879 0.005355817201827533
725.751503006012 0.004207097202545246
727.2545090180361 0.0033365083206003533
728.7575150300602 0.002661205799967905
730.2605210420842 0.002134200184083426
731.7635270541082 0.00172406199218333
733.2665330661323 0.0013965727339415577
734.7695390781563 0.0011490396437452766
736.2725450901803 0.0009447835031002803
737.7755511022044 0.0007826318073368959
739.2785571142284 0.0006532498553800715
740.7815631262524 0.0005453363934536017
742.2845691382765 0.00046040745506594215
743.7875751503007 0.00038913135146422293
745.2905811623247 0.00033316594624554574
746.7935871743487 0.0002868991438053938
748.2965931863728 0.00024651690207550973
749.7995991983968 0.0002129709258754404
751.3026052104208 0.00018718542857448992
752.8056112224449 0.0001613379310592116
754.3086172344689 0.00014412307861869984
755.8116232464929 0.00012964684178013163
757.314629258517 0.00011235035308003483
758.8176352705411 0.00010248321207222878
760.3206412825651 9.336986767521463e-05
761.8236472945891 8.406731863150602e-05
763.3266533066133 7.63973241179037e-05
764.8296593186373 6.92584181315002e-05
766.3326653306613 6.311375922486476e-05
767.8356713426854 5.704697063198618e-05
769.3386773547095 5.4378666764815927e-05
770.8416833667334 4.9747320280603955e-05
772.3446893787575 4.465182095135407e-05
773.8476953907816 4.4028163679652344e-05
775.3507014028056 3.975636560086389e-05
776.8537074148296 3.552846318766172e-05
778.3567134268537 3.51380921473601e-05
779.8597194388777 3.4372269450559205e-05
781.3627254509017 3.278376410688927e-05
782.8657314629259 3.399285175174634e-05
784.36873747495 3.05255519767584e-05
785.8717434869739 2.868788375699741e-05
787.374749498998 2.7789708294591382e-05
788.8777555110221 2.534177494267019e-05
790.3807615230461 2.5436160281857795e-05
791.8837675350701 2.7038243981856407e-05
793.3867735470942 2.414806852530389e-05
794.8897795591182 2.3526514424500364e-05
796.3927855711422 2.0820995028636767e-05
797.8957915831663 2.1174725145573126e-05
799.3987975951904 0.00021451055317218786
800.9018036072143 0.000488841103127202
802.4048096192384 0.000522668219383395
803.9078156312626 0.0004960535261181114
805.4108216432866 0.0005135736790745784
806.9138276553106 0.000498946713593731
808.4168336673347 0.000494534204542621
809.9198396793587 0.0005152073545920728
811.4228456913827 0.0004988672320359516
812.9258517034068 0.000508186145201288
814.4288577154309 0.0005067591186939989
815.9318637274548 0.0005017701462745572
817.4348697394789 0.0005085964356424941
818.937875751503 0.0005043827692366344
820.440881763527 0.0004975137782787986
821.943887775551 0.0005082624272002321
823.4468937875752 0.0005037814108370095
824.9498997995992 0.0004977139300892132
826.4529058116232 0.0004991713599762344
827.9559118236473 0.0005053344653545084
829.4589178356714 0.0005060488057051068
830.9619238476954 0.0005196524344050532
832.4649298597194 0.0005068786613054069
833.9679358717435 0.0005097104619583593
835.4709418837675 0.0005006049556700102
836.9739478957915 0.0005015316594243966
838.4769539078156 0.0004981865111164087
839.9799599198396 0.0004948503920067898
841.4829659318636 0.0005144655532161727
842.9859719438878 0.0004904998995745963
844.4889779559119 0.000510754043333264
845.9919839679359 0.0005150780043447101
847.4949899799599 0.0005140240216820487
848.997995991984 0.0005115060400681925
850.501002004008 0.0005244172046324204
852.004008016032 0.0005170452680286453
853.5070140280561 0.0005168596215031282
855.0100200400801 0.0005170427464488711
856.5130260521041 0.000522600315166864
858.0160320641282 0.0005247202985500215
859.5190380761524 0.0005143983949214162
861.0220440881764 0.0004984111152838902
862.5250501002004 0.0005311666285359154
864.0280561122245 0.0005095506802100824
865.5310621242485 0.0005227259922502751
867.0340681362725 0.0005283305632122422
868.5370741482966 0.0005326052006028917
870.0400801603206 0.0005388122772667657
871.5430861723447 0.000509070663132425
873.0460921843687 0.0005265310465947936
874.5490981963927 0.0005342546848385349
876.0521042084168 0.0005383902920520747
877.5551102204408 0.0005325236260082341
879.058116232465 0.0005729590786550164
880.561122244489 0.000544149263540141
882.064128256513 0.0005513558810587595
883.5671342685371 0.0005587018818334312
885.0701402805611 0.0005368657066692871
886.5731462925852 0.0005191808117458336
888.0761523046092 0.0005153719929643731
889.5791583166332 0.0004926697986799972
891.0821643286573 0.000487029533554903
892.5851703406813 0.0004794937660382897
894.0881763527054 0.000468200569741655
895.5911823647294 0.00045638964292117195
897.0941883767534 0.0004506606602418953
898.5971943887776 0.0004417580968525542
900.1002004008016 0.00043126945286687596
901.6032064128257 0.00043703010116266086
903.1062124248497 0.00043343101257435314
904.6092184368737 0.00043469007897291057
906.1122244488978 0.0004125856471366593
907.6152304609218 0.00041424105107425624
909.1182364729459 0.0004181874151179361
910.6212424849699 0.00042086171547138393
912.1242484969939 0.00040734195977605597
913.627254509018 0.0004033428025807757
915.130260521042 0.00040913241478736324
916.6332665330661 0.00040022886483080417
918.1362725450902 0.0004040556722131166
919.6392785571142 0.00038604539389635337
921.1422845691383 0.0003992856836485008
922.6452905811623 0.00038375784173201995
924.1482965931864 0.0003863959902838912
925.6513026052104 0.000396644849564194
927.1543086172344 0.0003823913867678163
928.6573146292585 0.0003801319584454821
930.1603206412825 0.0003597157444258681
931.6633266533066 0.00035767130881101864
933.1663326653306 0.0003612085632136821
934.6693386773547 0.00035916958630096763
936.1723446893787 0.00035136176304483355
937.6753507014027 0.00035064758189796806
939.1783567134269 0.0003599981636995968
940.6813627254509 0.0003506820876832283
942.184368737475 0.00033602315749284794
943.687374749499 0.0003382222865475191
945.190380761523 0.0003401371030906998
946.6933867735471 0.0003258353036423713
948.1963927855711 0.0003304108295487196
949.6993987975952 0.000315861529963467
951.2024048096192 0.0003255656384684092
952.7054108216432 0.00031106493981617595
954.2084168336673 0.00032237905721284283
955.7114228456913 0.0003108620661499837
957.2144288577155 0.0003023411776541576
958.7174348697395 0.0002924892752002956
960.2204408817635 0.00029544738063588843
961.7234468937876 0.00028236469016972444
963.2264529058116 0.0002874811083971988
964.7294589178357 0.00028952996777449207
966.2324649298597 0.00027496169673362327
967.7354709418837 0.00027275660851178466
969.2384769539078 0.0002555745571293759
970.7414829659318 0.0002624499696216168
972.2444889779559 0.0002608669120149976
973.7474949899799 0.00025237570960811456
975.250501002004 0.00025543762911351927
976.7535070140281 0.00024326129801059443
978.2565130260521 0.00024380526483415533
979.7595190380762 0.00023798040965105914
981.2625250501002 0.0002295448265397425
982.7655310621242 0.00023342145154389192
984.2685370741483 0.00022952375332085384
985.7715430861723 0.000210884162952402
987.2745490981964 0.00021249990091380523
988.7775551102204 0.00020663504311330705
990.2805611222444 0.00020336064938126591
991.7835671342685 0.000206407731306592
993.2865731462925 0.00019773081160602684
994.7895791583167 0.0001968856401927257
996.2925851703407 0.00018401376889500107
997.7955911823647 0.00018278843422967798
999.2985971943888 0.00018219134522803925
1000.8016032064128 0.0001765103654936935
1002.3046092184369 0.00017606574781584377
1003.8076152304609 0.00017048153860463599
1005.3106212424849 0.00016884156772215786
1006.813627254509 0.00015929652868147142
1008.316633266533 0.00014867438709453067
1009.8196392785571 0.00014909432207020818
1011.3226452905811 0.00014814255330941066
1012.8256513026051 0.00014069338872691944
1014.3286573146293 0.00013517490857679784
1015.8316633266533 0.00013753507595032808
1017.3346693386774 0.00012612690869741504
1018.8376753507014 0.00012205555009562077
1020.3406813627254 0.00012111204968597754
1021.8436873747495 0.00011821231495833453
1023.3466933867735 0.00010988956864235275
1024.8496993987976 0.0001061869237453799
1026.3527054108217 0.00010256913818012134
1027.8557114228456 0.00010254774725571037
1029.3587174348697 9.753957107630856e-05
1030.8617234468938 9.131183786383916e-05
1032.3647294589177 9.001086300502115e-05
1033.8677354709419 8.805411974115675e-05
1035.370741482966 8.886333958180889e-05
1036.8737474949899 8.384466047831826e-05
1038.376753507014 7.721110828963414e-05
1039.879759519038 7.563411531069077e-05
1041.382765531062 7.125169301013677e-05
1042.885771543086 7.102220900601581e-05
1044.3887775551102 6.54023137475049e-05
1045.891783567134 6.271427827383014e-05
1047.3947895791584 5.981287866671215e-05
1048.8977955911823 5.6764480218673306e-05
1050.4008016032062 5.27426000105254e-05
1051.9038076152306 4.944548034976047e-05
1053.4068136272545 4.762769991012162e-05
1054.9098196392786 4.4687693098816534e-05
1056.4128256513027 4.313062795421401e-05
1057.9158316633266 3.9855991577281415e-05
1059.4188376753507 3.489955328616901e-05
1060.9218436873748 3.41239516971374e-05
1062.4248496993987 3.249844946976251e-05
1063.9278557114228 3.070553059480231e-05
1065.430861723447 2.7574163960052374e-05
1066.9338677354708 2.6615601098932875e-05
1068.436873747495 2.5500115338433628e-05
1069.939879759519 2.343303977942433e-05
1071.442885771543 2.269875631495647e-05
1072.9458917835673 2.0997714363139764e-05
1074.4488977955912 2.0427543840512343e-05
1075.951903807615 1.9367934721761038e-05
1077.4549098196394 1.748831377073219e-05
1078.9579158316633 1.561821904780488e-05
1080.4609218436874 1.3911402645016654e-05
1081.9639278557115 1.279656101556717e-05
1083.4669338677354 1.2105449223728058e-05
1084.9699398797595 1.0755853274725446e-05
1086.4729458917836 9.562635560131038e-06
1087.9759519038075 8.63385601822604e-06
1089.4789579158316 7.609339417053506e-06
1090.9819639278558 6.488091223261835e-06
1092.4849699398796 5.6745950616225985e-06
1093.9879759519038 4.661105616069047e-06
1095.4909819639279 3.851938904175981e-06
1096.9939879759518 2.9497367726040555e-06
1098.4969939879759 2.1531748071835073e-06
1100.0 0.0
