A normalised
3005 4.4139e-06
3010 6.73015e-06
3015 6.56722e-07
3020 7.79681e-06
3025 5.89034e-06
3030 2.65324e-06
3035 3.84884e-06
3040 4.96457e-06
3045 2.87798e-06
3050 7.11917e-06
3055 2.32235e-06
3060 4.60787e-06
3065 6.13851e-06
3070 4.02142e-06
3075 3.46247e-06
3080 3.66063e-06
3085 3.5987e-06
3090 8.60904e-06
3095 7.67128e-07
3100 4.57101e-06
3105 5.13185e-06
3110 9.52608e-07
3115 4.15307e-06
3120 4.36905e-06
3125 2.32975e-06
3130 4.24463e-06
3135 4.61479e-06
3140 2.62626e-06
3145 2.24693e-06
3150 4.55398e-06
3155 -5.27871e-07
3160 4.10253e-06
3165 3.43518e-06
3170 8.559e-09
3175 1.8963e-06
3180 1.75214e-06
3185 2.13916e-06
3190 -1.7045e-06
3195 3.95767e-06
3200 7.69602e-06
3205 -1.34922e-06
3210 4.72549e-06
3215 4.37974e-06
3220 2.7817e-07
3225 1.93026e-06
3230 2.99306e-06
3235 4.73549e-06
3240 3.58042e-06
3245 3.09117e-06
3250 3.47719e-06
3255 3.41246e-06
3260 4.21123e-06
3265 1.27154e-06
3270 4.36419e-07
3275 5.30523e-06
3280 6.4515e-06
3285 -1.53591e-06
3290 4.99001e-06
3295 7.44771e-06
3300 9.61992e-07
3305 4.25552e-06
3310 1.00457e-05
3315 3.61692e-06
3320 6.30673e-06
3325 1.03397e-06
3330 6.69025e-06
3335 6.47931e-06
3340 4.21863e-06
3345 6.75237e-06
3350 3.64308e-06
3355 5.86318e-06
3360 3.78381e-06
3365 1.7597e-06
3370 4.48475e-06
3375 3.60791e-06
3380 1.47134e-06
3385 3.81209e-06
3390 4.56363e-06
3395 2.40104e-06
3400 4.00358e-06
3405 5.15624e-06
3410 2.98491e-06
3415 2.20497e-06
3420 2.39738e-06
3425 3.35516e-06
3430 7.05884e-06
3435 2.67821e-06
3440 9.49063e-07
3445 2.74102e-06
3450 5.20402e-06
3455 2.63753e-06
3460 8.8683e-07
3465 2.56376e-06
3470 2.62093e-06
3475 2.38323e-06
3480 3.36991e-06
3485 4.23174e-06
3490 9.26776e-07
3495 -1.21095e-05
3500 5.42997e-06
3505 3.05996e-06
3510 3.52708e-06
3515 5.33869e-06
3520 8.13956e-06
3525 7.8709e-06
3530 7.89617e-06
3535 4.67528e-06
3540 6.85385e-06
3545 8.2005e-06
3550 8.4563e-06
3555 8.69687e-06
3560 9.41019e-06
3565 9.11777e-06
3570 6.26002e-06
3575 8.33842e-06
3580 5.67379e-06
3585 5.0885e-07
3590 8.25152e-06
3595 5.21389e-06
3600 3.25804e-06
3605 8.66553e-06
3610 4.4448e-06
3615 5.95581e-06
3620 4.91123e-06
3625 6.28046e-06
3630 1.87392e-06
3635 5.62857e-06
3640 6.414e-06
3645 6.36882e-06
3650 5.90577e-06
3655 4.97448e-06
3660 6.6082e-06
3665 4.30208e-06
3670 6.13372e-06
3675 2.1382e-06
3680 5.30922e-06
3685 7.71818e-06
3690 3.90962e-06
3695 5.9359e-06
3700 6.48874e-06
3705 4.00104e-06
3710 4.32484e-06
3715 7.98055e-06
3720 4.7358e-06
3725 5.61899e-06
3730 2.6329e-06
3735 8.14745e-06
3740 9.75166e-06
3745 4.78981e-06
3750 8.84294e-06
3755 8.52581e-06
3760 4.95051e-06
3765 6.88886e-06
3770 1.02018e-05
3775 6.73454e-06
3780 8.29656e-06
3785 8.67431e-06
3790 5.8849e-06
3795 6.42593e-06
3800 5.17093e-06
3805 5.95748e-06
3810 8.01713e-06
3815 6.54543e-06
3820 8.07052e-06
3825 7.05182e-06
3830 7.45238e-06
3835 9.06114e-06
3840 7.96354e-06
3845 1.14921e-05
3850 7.85692e-06
3855 3.51821e-06
3860 7.6599e-06
3865 8.09628e-06
3870 8.27129e-06
3875 7.90903e-06
3880 7.24589e-06
3885 8.4277e-06
3890 9.45378e-06
3895 1.15012e-05
3900 5.91756e-06
3905 9.67494e-06
3910 1.1638e-05
3915 1.26643e-05
3920 1.17013e-05
3925 1.28616e-05
3930 1.4054e-05
3935 8.89546e-06
3940 1.67163e-05
3945 2.42322e-05
3950 1.5538e-05
3955 1.57733e-05
3960 4.14285e-06
3965 6.62966e-06
3970 8.51203e-06
3975 7.86546e-06
3980 6.49249e-06
3985 7.53138e-06
3990 7.77629e-06
3995 7.27858e-06
4000 6.64569e-06
4005 1.04589e-05
4010 5.5963e-06
4015 1.06853e-05
4020 1.16833e-05
4025 1.32064e-05
4030 1.46556e-05
4035 1.28002e-05
4040 1.00075e-05
4045 3.51424e-06
4050 6.30597e-06
4055 6.01417e-06
4060 1.0141e-05
4065 1.21479e-05
4070 7.95229e-06
4075 1.15742e-05
4080 1.20829e-05
4085 8.18193e-06
4090 6.93742e-06
4095 5.97669e-06
4100 9.22578e-06
4105 1.03298e-05
4110 7.52673e-06
4115 1.06377e-05
4120 9.71788e-06
4125 5.35684e-06
4130 1.06189e-05
4135 1.08584e-05
4140 4.13677e-06
4145 1.188e-05
4150 1.11755e-05
4155 9.51828e-06
4160 1.50903e-05
4165 1.8842e-05
4170 1.70632e-05
4175 1.62219e-05
4180 2.21317e-05
4185 3.39225e-05
4190 3.64104e-05
4195 2.99138e-05
4200 1.95471e-05
4205 8.72019e-06
4210 1.02159e-05
4215 1.10394e-05
4220 7.79724e-06
4225 8.39083e-06
4230 8.49241e-06
4235 4.0476e-06
4240 3.68676e-06
4245 6.11042e-06
4250 5.92651e-06
4255 7.89051e-06
4260 8.71034e-06
4265 4.03692e-06
4270 6.37516e-06
4275 7.35889e-06
4280 7.40264e-06
4285 8.30509e-06
4290 1.68467e-05
4295 3.67671e-05
4300 3.15131e-05
4305 2.19196e-05
4310 9.20744e-06
4315 5.99177e-06
4320 9.38419e-06
4325 7.49823e-06
4330 8.37921e-06
4335 1.07902e-05
4340 4.88554e-06
4345 9.23915e-06
4350 8.29186e-06
4355 9.46352e-06
4360 8.75606e-06
4365 5.41384e-06
4370 1.38129e-05
4375 1.12612e-05
4380 1.17433e-05
4385 1.23113e-05
4390 1.1962e-05
4395 7.03299e-06
4400 1.03562e-05
4405 1.03678e-05
4410 6.60153e-06
4415 1.04048e-05
4420 7.3652e-06
4425 6.63666e-06
4430 1.13595e-05
4435 5.8081e-06
4440 6.48862e-06
4445 8.18965e-06
4450 6.30933e-06
4455 6.68271e-06
4460 5.32657e-06
4465 9.45113e-06
4470 6.97294e-06
4475 8.95443e-06
4480 8.68968e-06
4485 9.75711e-06
4490 4.26928e-06
4495 6.28421e-06
4500 7.08511e-06
4505 7.88633e-06
4510 6.65081e-06
4515 6.76339e-06
4520 4.81332e-06
4525 8.8866e-06
4530 5.34361e-06
4535 6.59932e-06
4540 7.2757e-06
4545 4.83469e-06
4550 8.35737e-06
4555 7.14704e-06
4560 8.37441e-06
4565 1.15188e-05
4570 5.37341e-06
4575 1.01214e-05
4580 7.56206e-06
4585 8.25703e-06
4590 1.09075e-05
4595 7.99423e-06
4600 9.28872e-06
4605 8.61746e-06
4610 9.12124e-06
4615 9.33113e-06
4620 1.21048e-05
4625 9.7821e-06
4630 1.13137e-05
4635 8.51923e-06
4640 1.0385e-05
4645 1.08843e-05
4650 9.73691e-06
4655 1.0514e-05
4660 1.0859e-05
4665 6.85114e-06
4670 9.12257e-06
4675 9.81079e-06
4680 6.01838e-06
4685 6.54506e-06
4690 6.42248e-06
4695 7.81077e-06
4700 9.26038e-06
4705 7.7029e-06
4710 8.32584e-06
4715 6.73051e-06
4720 9.04959e-06
4725 7.53495e-06
4730 8.07331e-06
4735 1.01485e-05
4740 9.64616e-06
4745 5.05821e-06
4750 7.70012e-06
4755 8.46441e-06
4760 5.76887e-06
4765 9.05618e-06
4770 1.21099e-05
4775 7.5769e-06
4780 9.0661e-06
4785 8.07748e-06
4790 6.18106e-06
4795 8.0165e-06
4800 5.78651e-06
4805 9.30996e-06
4810 1.82354e-05
4815 2.83856e-05
4820 4.63774e-05
4825 5.34377e-05
4830 4.52807e-05
4835 2.49645e-05
4840 7.99478e-06
4845 1.10881e-05
4850 9.28946e-06
4855 6.58711e-06
4860 8.71349e-06
4865 1.01982e-05
4870 9.50215e-06
4875 9.00634e-06
4880 7.96569e-06
4885 6.45815e-06
4890 9.25899e-06
4895 7.95409e-06
4900 6.60122e-06
4905 9.21906e-06
4910 6.4495e-06
4915 8.21098e-06
4920 7.70894e-06
4925 9.08869e-06
4930 9.91082e-06
4935 5.8081e-06
4940 8.8472e-06
4945 7.03109e-06
4950 7.0347e-06
4955 1.02181e-05
4960 8.53803e-06
4965 6.56308e-06
4970 8.87429e-06
4975 7.16158e-06
4980 7.20423e-06
4985 6.82868e-06
4990 6.77625e-06
4995 6.95406e-06
5000 8.13848e-06
5005 7.84169e-06
5010 6.98154e-06
5015 6.49403e-06
5020 9.15246e-06
5025 1.02524e-05
5030 4.92842e-06
5035 8.16037e-06
5040 1.0577e-05
5045 3.95849e-06
5050 9.59037e-06
5055 6.96137e-06
5060 4.42309e-06
5065 8.64371e-06
5070 4.99802e-06
5075 7.41022e-06
5080 8.86457e-06
5085 5.41855e-06
5090 7.57424e-06
5095 6.32525e-06
5100 7.98718e-06
5105 8.51157e-06
5110 6.42236e-06
5115 7.96427e-06
5120 1.00975e-05
5125 6.57837e-06
5130 1.02673e-05
5135 1.01832e-05
5140 5.99709e-06
5145 1.05621e-05
5150 8.3149e-06
5155 9.31003e-06
5160 8.81374e-06
5165 7.18551e-06
5170 8.21606e-06
5175 9.07083e-06
5180 6.71333e-06
5185 1.04513e-05
5190 6.14323e-06
5195 9.43473e-06
5200 7.05474e-06
5205 5.9228e-06
5210 8.15046e-06
5215 7.66787e-06
5220 5.87511e-06
5225 8.78921e-06
5230 6.41423e-06
5235 6.45981e-06
5240 8.86737e-06
5245 6.26491e-06
5250 4.95293e-06
5255 1.0847e-05
5260 5.80188e-06
5265 6.91071e-06
5270 6.81937e-06
5275 5.5063e-06
5280 6.79261e-06
5285 5.3864e-06
5290 7.65426e-06
5295 8.69307e-06
5300 5.74275e-06
5305 9.09375e-06
5310 6.86518e-06
5315 3.64648e-06
5320 7.88247e-06
5325 5.33908e-06
5330 5.3739e-06
5335 5.63338e-06
5340 7.88678e-06
5345 6.39568e-06
5350 9.03352e-06
5355 7.73377e-06
5360 6.31152e-06
5365 7.68806e-06
5370 8.9815e-06
5375 9.2304e-06
5380 8.37191e-06
5385 8.78772e-06
5390 1.00239e-05
5395 7.14561e-06
5400 1.31011e-05
5405 9.5753e-06
5410 6.42197e-06
5415 1.07703e-05
5420 8.10644e-06
5425 9.25985e-06
5430 9.45421e-06
5435 7.95048e-06
5440 8.54185e-06
5445 8.23479e-06
5450 8.00209e-06
5455 8.84872e-06
5460 7.97983e-06
5465 8.92674e-06
5470 8.6837e-06
5475 6.85e-06
5480 9.52659e-06
5485 7.15763e-06
5490 6.16152e-06
5495 8.97551e-06
5500 8.57279e-06
5505 5.41617e-06
5510 6.41544e-06
5515 7.44989e-06
5520 6.484e-06
5525 9.00137e-06
5530 4.6446e-06
5535 6.5759e-06
5540 7.01297e-06
5545 5.58476e-06
5550 7.77587e-06
5555 5.29996e-06
5560 8.84568e-06
5565 8.31491e-06
5570 6.10372e-06
5575 1.14157e-05
5580 7.9036e-06
5585 5.88027e-06
5590 8.42962e-06
5595 8.33757e-06
5600 4.59847e-06
5605 9.84105e-06
5610 6.76486e-06
5615 8.14866e-06
5620 9.31526e-06
5625 9.2727e-06
5630 8.42623e-06
5635 9.19404e-06
5640 7.72081e-06
5645 7.95093e-06
5650 9.6321e-06
5655 1.17443e-05
5660 8.84184e-06
5665 6.26458e-06
5670 1.16406e-05
5675 9.54732e-06
5680 7.40671e-06
5685 1.41571e-05
5690 1.29959e-05
5695 4.85022e-06
5700 9.2337e-06
5705 8.46382e-06
5710 5.35792e-06
5715 8.55434e-06
5720 6.6108e-06
5725 6.1486e-06
5730 5.10614e-06
5735 4.3497e-06
5740 6.78236e-06
5745 8.00097e-06
5750 6.98496e-06
5755 8.35441e-06
5760 5.1118e-06
5765 4.51517e-06
5770 6.44088e-06
5775 3.70513e-06
5780 8.84347e-06
5785 6.81089e-06
5790 5.61199e-06
5795 8.21919e-06
5800 5.92354e-06
5805 5.7749e-06
5810 7.10137e-06
5815 9.23983e-06
5820 5.40103e-06
5825 6.68608e-06
5830 9.10983e-06
5835 9.75966e-06
5840 6.43496e-06
5845 6.73902e-06
5850 8.41552e-06
5855 4.46543e-06
5860 9.65298e-06
5865 5.61589e-06
5870 7.58312e-06
5875 1.10306e-05
5880 5.26265e-06
5885 5.75869e-06
5890 1.04364e-05
5895 8.1466e-06
5900 9.04601e-06
5905 7.02266e-06
5910 6.82008e-06
5915 9.04243e-06
5920 7.64336e-06
5925 9.21154e-06
5930 7.66958e-06
5935 5.9927e-06
5940 6.09272e-06
5945 6.67423e-06
5950 3.44565e-06
5955 4.51636e-06
5960 5.07037e-06
5965 3.20927e-06
5970 4.35439e-06
5975 2.80411e-06
5980 3.94819e-06
5985 4.08423e-06
5990 4.06812e-06
5995 4.18772e-06
6000 5.05283e-06
6005 4.19809e-06
6010 6.26575e-06
6015 3.63209e-06
6020 6.71678e-06
6025 5.36376e-06
6030 3.55817e-06
6035 1.00885e-05
6040 7.05327e-06
6045 2.86273e-06
6050 5.39316e-06
6055 5.34236e-06
6060 6.08967e-06
6065 7.22492e-06
6070 4.7508e-06
6075 4.50927e-06
6080 8.15194e-06
6085 8.89454e-06
6090 6.42844e-06
6095 6.25842e-06
6100 1.00492e-05
6105 8.32256e-06
6110 6.63637e-06
6115 8.54158e-06
6120 9.31123e-06
6125 5.68917e-06
6130 9.78105e-06
6135 9.63138e-06
6140 5.52905e-06
6145 9.29768e-06
6150 7.57016e-06
6155 7.60955e-06
6160 8.58497e-06
6165 3.86859e-06
6170 6.59688e-06
6175 4.10832e-06
6180 7.14851e-06
6185 4.1245e-06
6190 4.75016e-06
6195 7.48196e-06
6200 6.9727e-06
6205 3.70615e-06
6210 6.81582e-06
6215 6.41232e-06
6220 4.54434e-06
6225 6.77369e-06
6230 7.11035e-06
6235 4.418e-06
6240 7.00903e-06
6245 3.37793e-06
6250 5.50093e-06
6255 4.73335e-06
6260 3.59259e-06
6265 6.79938e-06
6270 3.3342e-06
6275 7.33046e-06
6280 6.30203e-06
6285 3.88928e-06
6290 7.74926e-06
6295 7.20748e-06
6300 5.51487e-06
6305 9.64485e-06
6310 9.3365e-06
6315 6.87868e-06
6320 1.07507e-05
6325 1.15105e-05
6330 6.53714e-06
6335 1.16324e-05
6340 1.10638e-05
6345 1.12709e-05
6350 1.45876e-05
6355 9.8171e-06
6360 1.63517e-05
6365 1.63166e-05
6370 1.92459e-05
6375 1.97578e-05
6380 1.9498e-05
6385 2.53207e-05
6390 2.65378e-05
6395 2.47602e-05
6400 3.27851e-05
6405 3.73925e-05
6410 4.28757e-05
6415 5.22197e-05
6420 6.1596e-05
6425 7.50482e-05
6430 8.82096e-05
6435 0.000110521
6440 0.000134269
6445 0.000167502
6450 0.000213186
6455 0.000271702
6460 0.000352175
6465 0.000469614
6470 0.000628389
6475 0.000831989
6480 0.00115188
6485 0.0016264
6490 0.00235237
6495 0.00354525
6500 0.00544965
6505 0.00874501
6510 0.0147011
6515 0.0257521
6520 0.0477645
6525 0.0923674
6530 0.181224
6535 0.337551
6540 0.549595
6545 0.759477
6550 0.886059
6555 0.930928
6560 0.936421
6565 0.933377
6570 0.929346
6575 0.925969
6580 0.927192
6585 0.932405
6590 0.915471
6595 0.824666
6600 0.636097
6605 0.405436
6610 0.219663
6615 0.110045
6620 0.0562256
6625 0.0301209
6630 0.0171662
6635 0.0103283
6640 0.00641782
6645 0.00419156
6650 0.00282376
6655 0.00194062
6660 0.00137745
6665 0.000998392
6670 0.00073785
6675 0.00055375
6680 0.000422842
6685 0.000331082
6690 0.000263589
6695 0.000208401
6700 0.000169207
6705 0.000135466
6710 0.000114037
6715 9.51937e-05
6720 7.92773e-05
6725 6.692e-05
6730 5.66804e-05
6735 5.0271e-05
6740 4.50937e-05
6745 3.44839e-05
6750 3.5227e-05
6755 3.01504e-05
6760 2.27182e-05
6765 2.72653e-05
6770 1.88837e-05
6775 1.66223e-05
6780 1.7166e-05
6785 1.38479e-05
6790 1.45367e-05
6795 1.26828e-05
6800 1.22573e-05
6805 1.13154e-05
6810 9.07465e-06
6815 1.05184e-05
6820 1.03884e-05
6825 8.26933e-06
6830 9.08083e-06
6835 9.79608e-06
6840 4.35137e-06
6845 8.16384e-06
6850 1.0657e-05
6855 5.55751e-06
6860 8.60377e-06
6865 5.29823e-06
6870 5.5535e-06
6875 8.30434e-06
6880 5.67296e-06
6885 9.96366e-06
6890 7.35825e-06
6895 6.66121e-06
6900 7.59054e-06
6905 4.8005e-06
6910 9.74748e-06
6915 7.74583e-06
6920 8.22123e-06
6925 1.0033e-05
6930 1.11221e-05
6935 6.3138e-06
6940 9.914e-06
6945 8.20808e-06
6950 6.41202e-06
6955 9.73397e-06
6960 8.61103e-06
6965 7.0143e-06
6970 1.13604e-05
6975 6.32854e-06
6980 7.78585e-06
6985 7.90917e-06
6990 7.65711e-06
6995 5.6377e-06
7000 5.58382e-06
7005 6.40904e-06
7010 7.14806e-06
7015 3.43278e-06
7020 6.15694e-06
7025 5.66687e-06
7030 3.2016e-06
7035 7.95666e-06
7040 4.94393e-06
7045 5.3089e-06
7050 2.935e-06
7055 3.54678e-06
7060 2.27462e-06
7065 2.08417e-06
7070 5.61671e-06
7075 4.81332e-06
7080 9.1274e-07
7085 6.49834e-06
7090 5.28579e-06
7095 3.72775e-06
7100 5.94532e-06
7105 7.50406e-06
7110 3.52637e-06
7115 1.01043e-05
7120 5.38003e-06
7125 3.94857e-06
7130 8.04349e-06
7135 4.74035e-06
7140 6.14494e-06
7145 1.12588e-05
7150 5.52469e-06
7155 9.44732e-06
7160 5.98171e-06
7165 8.09523e-06
7170 6.28337e-06
7175 4.81251e-06
7180 7.39586e-06
7185 9.28031e-06
7190 7.30627e-06
7195 1.13996e-05
7200 8.50841e-06
7205 5.26025e-06
7210 8.30081e-06
7215 8.90374e-06
7220 6.20263e-06
7225 9.70383e-06
7230 8.42739e-06
7235 1.00843e-05
7240 9.71959e-06
7245 5.31961e-06
7250 6.24345e-06
7255 3.18529e-06
7260 4.145e-06
7265 5.54921e-06
7270 5.90072e-06
7275 9.59905e-06
7280 4.52676e-06
7285 2.3279e-06
7290 4.63527e-06
7295 5.0523e-06
7300 2.85774e-06
7305 6.609e-06
7310 2.20675e-06
7315 3.06354e-06
7320 3.75147e-06
7325 6.06629e-06
7330 1.80545e-06
7335 4.28161e-06
7340 3.70583e-06
7345 4.50069e-06
7350 3.19419e-06
7355 2.80074e-06
7360 2.50045e-06
7365 1.19665e-06
7370 5.93062e-06
7375 7.72411e-06
7380 2.23018e-06
7385 7.79352e-06
7390 3.69612e-06
7395 5.47051e-06
7400 7.56657e-06
7405 6.63369e-06
7410 4.13374e-06
7415 6.61087e-06
7420 5.19923e-06
7425 5.66651e-06
7430 6.21323e-06
7435 7.32764e-06
7440 6.29213e-06
7445 4.25906e-06
7450 1.023e-05
7455 6.34499e-06
7460 3.27406e-06
7465 9.59835e-06
7470 8.36987e-06
7475 3.8328e-06
7480 6.44395e-06
7485 7.38497e-06
7490 5.10701e-06
7495 9.56755e-06
7500 7.50768e-06
7505 5.94923e-06
7510 7.10766e-06
7515 3.49798e-06
7520 4.35535e-06
7525 2.05587e-06
7530 5.2333e-06
7535 6.284e-06
7540 4.70368e-06
7545 9.5716e-06
7550 4.55283e-06
7555 3.39445e-06
7560 5.71759e-06
7565 5.3117e-06
7570 3.62601e-06
7575 5.0949e-06
7580 4.15892e-06
7585 3.96593e-06
7590 2.42455e-06
7595 9.41527e-07
7600 3.14446e-06
7605 4.45742e-06
7610 5.0156e-06
7615 6.70417e-06
7620 1.01772e-06
7625 8.65912e-06
7630 1.0067e-05
7635 2.45476e-06
7640 7.85651e-06
7645 5.58984e-06
7650 2.44739e-06
7655 5.09613e-06
7660 3.74619e-06
7665 3.54493e-06
7670 6.92509e-06
7675 7.68866e-06
7680 4.84928e-06
7685 3.76912e-06
7690 4.42024e-06
7695 1.57796e-06
7700 2.64564e-06
7705 5.50855e-06
7710 4.62059e-06
7715 5.95105e-06
7720 5.25947e-06
7725 1.33131e-05
7730 3.43767e-06
7735 6.48868e-06
7740 8.42713e-06
7745 4.74851e-06
7750 6.23203e-06
7755 4.55059e-06
7760 4.54255e-06
7765 1.05708e-05
7770 5.72201e-06
7775 6.44963e-06
7780 8.15071e-06
7785 7.20456e-06
7790 6.19302e-06
7795 3.59723e-06
7800 8.88272e-06
7805 8.47734e-06
7810 6.15018e-06
7815 6.54832e-06
7820 8.99952e-06
7825 6.85733e-06
7830 6.53462e-06
7835 7.06507e-06
7840 4.06883e-06
7845 8.10322e-06
7850 6.49598e-06
7855 5.72791e-06
7860 8.8196e-06
7865 7.39789e-06
7870 1.18174e-05
7875 6.57932e-06
7880 9.90833e-06
7885 7.95073e-06
7890 3.95901e-06
7895 7.59857e-06
7900 5.92366e-06
7905 2.75702e-06
7910 6.62155e-06
7915 7.63787e-06
7920 6.15108e-06
7925 6.80664e-06
7930 3.81889e-06
7935 4.46862e-06
7940 6.37563e-06
7945 7.55141e-06
7950 5.39791e-06
7955 3.4917e-06
7960 5.70011e-06
7965 5.67157e-06
7970 1.80231e-06
7975 6.97466e-06
7980 8.55782e-06
7985 7.36451e-06
7990 6.74773e-06
7995 1.22453e-05
8000 0.000419384
8005 0.000439405
8010 0.000413012
8015 0.000430979
8020 0.000439553
8025 0.000404234
8030 0.000423426
8035 0.000460777
8040 0.000432346
8045 0.000428075
8050 0.000420841
8055 0.00043627
8060 0.000410997
8065 0.000433707
8070 0.000442784
8075 0.000441272
8080 0.000437587
8085 0.000429598
8090 0.000443627
8095 0.000435327
8100 0.000409768
8105 0.000444957
8110 0.00043428
8115 0.000423653
8120 0.000449092
8125 0.000462093
8130 0.000437815
8135 0.000440489
8140 0.000464244
8145 0.000446021
8150 0.000439636
8155 0.000436946
8160 0.000450794
8165 0.000428983
8170 0.000437129
8175 0.000439673
8180 0.000428089
8185 0.000439686
8190 0.000435935
8195 0.000438315
8200 0.000428563
8205 0.000420152
8210 0.000441166
8215 0.000439834
8220 0.000441059
8225 0.000428864
8230 0.00038957
8235 0.000426042
8240 0.000421081
8245 0.000437435
8250 0.000432737
8255 0.000421712
8260 0.000445611
8265 0.000432763
8270 0.000422084
8275 0.000426996
8280 0.000421895
8285 0.000423587
8290 0.000432657
8295 0.000423366
8300 0.000448146
8305 0.000416825
8310 0.000427263
8315 0.000432996
8320 0.000443906
8325 0.000446389
8330 0.000403924
8335 0.000450883
8340 0.000434212
8345 0.00042628
8350 0.000454578
8355 0.000420171
8360 0.000447725
8365 0.000434451
8370 0.000439609
8375 0.000434273
8380 0.000436548
8385 0.00041659
8390 0.000426963
8395 0.000413537
8400 0.000430245
8405 0.000442244
8410 0.000448625
8415 0.000462269
8420 0.000428259
8425 0.000440198
8430 0.00042214
8435 0.000413324
8440 0.000428435
8445 0.000427048
8450 0.00040424
8455 0.0004105
8460 0.000421245
8465 0.000440071
8470 0.000433524
8475 0.000401551
8480 0.000424618
8485 0.000445993
8490 0.000403747
8495 0.000437947
8500 0.000414726
8505 0.000421432
8510 0.000430979
8515 0.000419963
8520 0.00042242
8525 0.000401816
8530 0.000420302
8535 0.000424205
8540 0.000455007
8545 0.000462002
8550 0.000429173
8555 0.000428516
8560 0.000445968
8565 0.00043572
8570 0.000438246
8575 0.000421598
8580 0.000434463
8585 0.000441423
8590 0.000441721
8595 0.000435309
8600 0.000416936
8605 0.0004285
8610 0.000438145
8615 0.000415025
8620 0.000459149
8625 0.000411732
8630 0.000433378
8635 0.000440021
8640 0.000441582
8645 0.000442425
8650 0.000432335
8655 0.000449933
8660 0.000446864
8665 0.000441409
8670 0.000437587
8675 0.000423507
8680 0.000451236
8685 0.000446503
8690 0.000437445
8695 0.00045058
8700 0.000451253
8705 0.000461941
8710 0.000446838
8715 0.00042768
8720 0.000419623
8725 0.000436135
8730 0.000438326
8735 0.000427609
8740 0.000438525
8745 0.000410961
8750 0.000437411
8755 0.000445862
8760 0.000456914
8765 0.000430512
8770 0.000454107
8775 0.000423608
8780 0.000427548
8785 0.00043618
8790 0.000467574
8795 0.000422619
8800 0.000436527
8805 0.00041468
8810 0.000440666
8815 0.000433834
8820 0.000430552
8825 0.000423586
8830 0.00043362
8835 0.000430611
8840 0.000417106
8845 0.000426193
8850 0.000420351
8855 0.000432866
8860 0.000400994
8865 0.000431694
8870 0.00041836
8875 0.000434002
8880 0.000434584
8885 0.000439937
8890 0.000415025
8895 0.000430492
8900 0.000422024
8905 0.000425545
8910 0.000434791
8915 0.000427255
8920 0.000430334
8925 0.000424608
8930 0.000418409
8935 0.000444936
8940 0.000419629
8945 0.000427236
8950 0.000444736
8955 0.000446956
8960 0.000434514
8965 0.000436112
8970 0.000432939
8975 0.000440267
8980 0.000423484
8985 0.000461278
8990 0.000422731
8995 0.000404989
9000 0.000403928
9005 0.000424214
9010 0.000436352
9015 0.000455383
9020 0.000435359
9025 0.000406225
9030 0.000427012
9035 0.0004247
9040 0.000439859
9045 0.000425275
9050 0.00046712
9055 0.00041507
9060 0.000427459
9065 0.000420589
9070 0.000453128
9075 0.000440313
9080 0.000408692
9085 0.000437255
9090 0.000419729
9095 0.000428428
9100 0.000435848
9105 0.000433369
9110 0.000448564
9115 0.000448037
9120 0.000444661
9125 0.000425128
9130 0.000429284
9135 0.000424551
9140 0.000414439
9145 0.000404295
9150 0.000428743
9155 0.000426658
9160 0.000433445
9165 0.000434208
9170 0.000426285
9175 0.000392376
9180 0.000412712
9185 0.000428542
9190 0.000410388
9195 0.000420902
9200 0.000450277
9205 0.000439995
9210 0.000400193
9215 0.000429256
9220 0.000444259
9225 0.000423243
9230 0.000435613
9235 0.000437387
9240 0.000456851
9245 0.000443547
9250 0.000434641
9255 0.00042616
9260 0.000435537
9265 0.000429362
9270 0.000425512
9275 0.000432619
9280 0.000430314
9285 0.00038983
9290 0.000421957
9295 0.00043152
9300 0.000424196
9305 0.000410378
9310 0.00041541
9315 0.000420065
9320 0.000407596
9325 0.000419679
9330 0.000419044
9335 0.000434553
9340 0.000432227
9345 0.000436105
9350 0.000400759
9355 0.000431748
9360 0.000401357
9365 0.000439673
9370 0.00045549
9375 0.000441229
9380 0.000449224
9385 0.000425329
9390 0.000428021
9395 0.000396165
9400 0.00041688
9405 0.00041687
9410 0.000414453
9415 0.00038296
9420 0.000430449
9425 0.000418707
9430 0.000428216
9435 0.000436064
9440 0.000420521
9445 0.000437247
9450 0.000467349
9455 0.000444161
9460 0.000421957
9465 0.000423958
9470 0.000427792
9475 0.00042842
9480 0.000432248
9485 0.000420682
9490 0.000426395
9495 0.000430026
9500 0.000432946
9505 0.000407474
9510 0.000396282
9515 0.000431095
9520 0.000408447
9525 0.000417958
9530 0.000426109
9535 0.00044932
9540 0.000437881
9545 0.000421769
9550 0.000434365
9555 0.000428795
9560 0.000444154
9565 0.000449974
9570 0.000433804
9575 0.000404967
9580 0.000437329
9585 0.000435555
9590 0.000432649
9595 0.00043689
9600 0.000424308
9605 0.000423273
9610 0.000419935
9615 0.000421386
9620 0.000426495
9625 0.000422142
9630 0.000397579
9635 0.000425002
9640 0.000406399
9645 0.000411038
9650 0.000421887
9655 0.000395751
9660 0.000422131
9665 0.00040667
9670 0.000403319
9675 0.000435179
9680 0.000443771
9685 0.000426679
9690 0.000402084
9695 0.000414551
9700 0.000418622
9705 0.00041644
9710 0.000397462
9715 0.000415838
9720 0.000428168
9725 0.000430068
9730 0.000423841
9735 0.000434367
9740 0.000432256
9745 0.000410821
9750 0.000421331
9755 0.000429725
9760 0.000406051
9765 0.000426674
9770 0.000441474
9775 0.000425584
9780 0.000416436
9785 0.000403587
9790 0.000406779
9795 0.00042147
9800 0.000428147
9805 0.00042977
9810 0.000414254
9815 0.000414337
9820 0.000436357
9825 0.000409984
9830 0.000419402
9835 0.000432035
9840 0.000428311
9845 0.000426048
9850 0.000434317
9855 0.000438314
9860 0.000431176
9865 0.000405503
9870 0.000415953
9875 0.000415372
9880 0.000412056
9885 0.000400706
9890 0.000420347
9895 0.000411275
9900 0.000439805
9905 0.000409351
9910 0.000414119
9915 0.000406394
9920 0.000414871
9925 0.000438728
9930 0.000433938
9935 0.000430558
9940 0.000438578
9945 0.000388814
9950 0.000417789
9955 0.000433466
9960 0.000426238
9965 0.000424451
9970 0.000418787
9975 0.000435351
9980 0.000417437
9985 0.000416883
9990 0.000418654
9995 0.00040784
10000 0.000430295
10005 0.000411318
10010 0.000409569
10015 0.000407182
10020 0.000416447
10025 0.000423239
10030 0.000435423
10035 0.000422354
10040 0.000408678
10045 0.000404622
10050 0.000408573
10055 0.000410652
10060 0.000416852
10065 0.00040526
10070 0.000407857
10075 0.000406805
10080 0.000435222
10085 0.000424503
10090 0.000401368
10095 0.000422656
10100 0.000409481
10105 0.000432573
10110 0.000419715
10115 0.00043193
10120 0.00043351
10125 0.000411607
10130 0.000410038
10135 0.000404766
10140 0.000398689
10145 0.000433818
10150 0.000417731
10155 0.000422585
10160 0.000418739
10165 0.000428821
10170 0.000384967
10175 0.000427895
10180 0.000419933
10185 0.000415867
10190 0.000413049
10195 0.000423503
10200 0.000407505
10205 0.000414657
10210 0.00041453
10215 0.000437262
10220 0.000411201
10225 0.000394179
10230 0.000406885
10235 0.000421155
10240 0.000434036
10245 0.000420152
10250 0.000412091
10255 0.000438161
10260 0.000432448
10265 0.000413008
10270 0.000426284
10275 0.000411524
10280 0.000427345
10285 0.000430062
10290 0.000421845
10295 0.000416826
10300 0.000416016
10305 0.000415866
10310 0.000417755
10315 0.000416933
10320 0.000403554
10325 0.000406224
10330 0.000401935
10335 0.000424905
10340 0.00040662
10345 0.000443498
10350 0.000383334
10355 0.000413013
10360 0.000410967
10365 0.0003964
10370 0.000432482
10375 0.000428488
10380 0.000440577
10385 0.000390206
10390 0.000409906
10395 0.000410003
10400 0.000418733
10405 0.000405939
10410 0.000442888
10415 0.000408497
10420 0.000400816
10425 0.000377601
10430 0.000427046
10435 0.000383101
10440 0.000422495
10445 0.00041103
10450 0.000412281
10455 0.000412415
10460 0.000405378
10465 0.000397208
10470 0.000427385
10475 0.000404035
10480 0.00041702
10485 0.000431563
10490 0.000403983
10495 0.000416785
10500 0.000425926
10505 0.000433426
10510 0.000408199
10515 0.000395805
10520 0.000411857
10525 0.000426509
10530 0.000429494
10535 0.000436
10540 0.000419784
10545 0.000425176
10550 0.000420841
10555 0.000425117
10560 0.000446563
10565 0.000415681
10570 0.000397784
10575 0.000394949
10580 0.000435274
10585 0.000438081
10590 0.000407289
10595 0.000433086
10600 0.000403266
10605 0.000416845
10610 0.000425081
10615 0.000434062
10620 0.000429726
10625 0.000420455
10630 0.000429448
10635 0.00040727
10640 0.000418933
10645 0.000400176
10650 0.000435145
10655 0.000427264
10660 0.000411608
10665 0.000395117
10670 0.000405499
10675 0.000422602
10680 0.000418565
10685 0.000421786
10690 0.000421218
10695 0.000430744
10700 0.000406676
10705 0.00043534
10710 0.000423587
10715 0.000423085
10720 0.000421473
10725 0.000423389
10730 0.000409942
10735 0.000403902
10740 0.0004277
10745 0.000417617
10750 0.000411851
10755 0.000395358
10760 0.000410356
10765 0.000403548
10770 0.000412918
10775 0.000412041
10780 0.000423458
10785 0.000415468
10790 0.000412601
10795 0.000407383
10800 0.000415194
10805 0.000398892
10810 0.000403493
10815 0.000424397
10820 0.000417855
10825 0.000417564
10830 0.000411941
10835 0.000411872
10840 0.000418087
10845 0.000410784
10850 0.000407126
10855 0.00042685
10860 0.000409114
10865 0.000403474
10870 0.00039303
10875 0.000408784
10880 0.000426662
10885 0.000406054
10890 0.000429608
10895 0.000414904
10900 0.000432481
10905 0.000414343
10910 0.000433549
10915 0.000415365
10920 0.000418524
10925 0.00042114
10930 0.000383672
10935 0.00041131
10940 0.000420767
10945 0.000421315
10950 0.000415183
10955 0.000419676
10960 0.000418317
10965 0.000438128
10970 0.000416833
10975 0.00044533
10980 0.00044407
10985 0.000429877
10990 0.000418674
10995 0.000447594
11000 0.000443238
11005 0.000434057
11010 0.00045973
11015 0.000464243
11020 0.000459205
11025 0.000504735
11030 0.000492847
11035 0.00055496
11040 0.000546366
11045 0.000598346
11050 0.000650305
11055 0.000677507
11060 0.000659198
11065 0.000657044
11070 0.000611612
11075 0.000585765
11080 0.000547973
11085 0.000551167
11090 0.000512038
11095 0.000490322
11100 0.000466099
11105 0.000495602
11110 0.000468751
11115 0.000412163
11120 0.000437681
11125 0.000458229
11130 0.000442672
11135 0.000440955
11140 0.00046488
11145 0.000431232
11150 0.000440844
11155 0.000450541
11160 0.000435893
11165 0.000453646
11170 0.000461965
11175 0.000456085
11180 0.000447335
11185 0.000424344
11190 0.000459221
11195 0.000422527
11200 0.000433205
11205 0.000424516
11210 0.000436816
11215 0.000433499
11220 0.000460195
11225 0.000492975
11230 0.000449135
11235 0.000422764
11240 0.000422281
11245 0.000460535
11250 0.000448137
11255 0.00044244
11260 0.000472581
11265 0.000467015
11270 0.000494014
11275 0.000489315
11280 0.000493476
11285 0.000496738
11290 0.00051087
11295 0.000536402
11300 0.000543077
11305 0.000542353
11310 0.000603353
11315 0.000606818
11320 0.00064608
11325 0.000677105
11330 0.000766628
11335 0.000832315
11340 0.000928521
11345 0.00112119
11350 0.00132619
11355 0.00164422
11360 0.00209472
11365 0.0026224
11370 0.00335283
11375 0.0042132
11380 0.00495241
11385 0.00550478
11390 0.00562214
11395 0.00529577
11400 0.00471128
11405 0.00397627
11410 0.0033039
11415 0.00278681
11420 0.0023752
11425 0.00210787
11430 0.00186299
11435 0.00172626
11440 0.00159914
11445 0.00151244
11450 0.0014193
11455 0.00134093
11460 0.00133341
11465 0.0012842
11470 0.00126184
11475 0.00126587
11480 0.00124554
11485 0.00124534
11490 0.0012651
11495 0.00126803
11500 0.00129256
11505 0.0013216
11510 0.00136056
11515 0.00140313
11520 0.00145197
11525 0.00152394
11530 0.00157292
11535 0.00166887
11540 0.00177211
11545 0.00188059
11550 0.00202
11555 0.00220317
11560 0.00239776
11565 0.00262784
11570 0.00290775
11575 0.00327372
11580 0.00362987
11585 0.00414844
11590 0.00474381
11595 0.00553383
11600 0.0065436
11605 0.00778879
11610 0.00952183
11615 0.0115193
11620 0.0144593
11625 0.0185396
11630 0.0242011
11635 0.0330339
11640 0.0451277
11645 0.0640818
11650 0.0903784
11655 0.13222
11660 0.190831
11665 0.266409
11670 0.352765
11675 0.418414
11680 0.452755
11685 0.440572
11690 0.392508
11695 0.327954
11700 0.272075
11705 0.228277
11710 0.199799
11715 0.178838
11720 0.165573
11725 0.158171
11730 0.155051
11735 0.156064
11740 0.160772
11745 0.169026
11750 0.182366
11755 0.201235
11760 0.225399
11765 0.260204
11770 0.299819
11775 0.351164
11780 0.411283
11785 0.47961
11790 0.5468
11795 0.594767
11800 0.617214
11805 0.604896
11810 0.557706
11815 0.487652
11820 0.410642
11825 0.33482
11830 0.276524
11835 0.227713
11840 0.191186
11845 0.16085
11850 0.13821
11855 0.120639
11860 0.106304
11865 0.0961383
11870 0.0873378
11875 0.0804244
11880 0.0748679
11885 0.0701797
11890 0.066582
11895 0.0637129
11900 0.061692
11905 0.0599899
11910 0.0588164
11915 0.0581755
11920 0.0578965
11925 0.058086
11930 0.0586789
11935 0.0596102
11940 0.0610281
11945 0.0629186
11950 0.0652083
11955 0.0681967
11960 0.0714428
11965 0.0755581
11970 0.0804943
11975 0.0861861
11980 0.0933089
11985 0.100968
11990 0.110477
11995 0.12019
12000 0.134074
12005 0.149454
12010 0.167121
12015 0.189201
12020 0.212492
12025 0.240884
12030 0.272683
12035 0.309604
12040 0.350938
12045 0.394207
12050 0.440741
12055 0.482672
12060 0.524012
12065 0.558826
12070 0.583477
12075 0.598711
12080 0.602141
12085 0.59606
12090 0.582883
12095 0.562871
12100 0.540374
12105 0.517861
12110 0.493853
12115 0.474413
12120 0.456759
12125 0.443068
12130 0.430867
12135 0.419931
12140 0.411486
12145 0.405296
12150 0.402059
12155 0.401112
12160 0.402805
12165 0.40713
12170 0.414637
12175 0.423929
12180 0.436407
12185 0.450857
12190 0.469187
12195 0.490255
12200 0.513784
12205 0.540943
12210 0.567785
12215 0.598044
12220 0.629098
12225 0.659855
12230 0.690801
12235 0.717465
12240 0.740333
12245 0.756147
12250 0.766127
12255 0.767912
12260 0.761659
12265 0.746933
12270 0.726823
12275 0.700385
12280 0.671501
12285 0.63868
12290 0.604524
12295 0.572331
12300 0.539349
12305 0.511418
12310 0.48363
12315 0.458709
12320 0.435814
12325 0.414969
12330 0.397625
12335 0.382204
12340 0.369768
12345 0.358216
12350 0.349114
12355 0.341839
12360 0.335916
12365 0.332191
12370 0.329853
12375 0.329014
12380 0.329758
12385 0.332011
12390 0.335817
12395 0.341392
12400 0.347881
12405 0.356354
12410 0.366515
12415 0.378142
12420 0.392698
12425 0.407706
12430 0.425225
12435 0.443264
12440 0.464151
12445 0.486622
12450 0.509979
12455 0.536166
12460 0.559716
12465 0.584531
12470 0.607766
12475 0.630189
12480 0.649589
12485 0.664765
12490 0.676111
12495 0.681563
12500 0.682098
12505 0.677299
12510 0.667119
12515 0.651843
12520 0.633807
12525 0.611926
12530 0.589894
12535 0.564737
12540 0.539487
12545 0.514819
12550 0.490039
12555 0.468317
12560 0.44702
12565 0.427874
12570 0.409522
12575 0.392818
12580 0.378066
12585 0.364602
12590 0.353708
12595 0.343326
12600 0.334496
12605 0.327213
12610 0.32067
12615 0.315953
12620 0.312223
12625 0.309724
12630 0.308173
12635 0.307804
12640 0.308493
12645 0.310428
12650 0.3132
12655 0.317158
12660 0.32218
12665 0.328691
12670 0.336587
12675 0.345419
12680 0.356083
12685 0.367108
12690 0.380599
12695 0.395469
12700 0.41221
12705 0.432015
12710 0.451981
12715 0.47482
12720 0.498234
12725 0.525776
12730 0.555397
12735 0.586769
12740 0.621277
12745 0.653798
12750 0.689429
12755 0.724736
12760 0.760682
12765 0.796867
12770 0.829234
12775 0.859956
12780 0.884048
12785 0.905502
12790 0.921671
12795 0.931454
12800 0.935319
12805 0.933015
12810 0.925102
12815 0.912747
12820 0.895326
12825 0.874248
12830 0.851763
12835 0.826041
12840 0.80225
12845 0.776881
12850 0.752252
12855 0.727842
12860 0.70403
12865 0.682963
12870 0.662591
12875 0.645125
12880 0.627932
12885 0.612412
12890 0.598964
12895 0.586164
12900 0.576148
12905 0.56717
12910 0.559729
12915 0.553437
12920 0.548507
12925 0.545002
12930 0.542711
12935 0.541721
12940 0.54185
12945 0.543136
12950 0.545582
12955 0.5493
12960 0.553768
12965 0.559139
12970 0.56552
12975 0.573235
12980 0.581529
12985 0.590029
12990 0.599699
12995 0.608927
13000 0.619417
